0,0
0,1
0,2
1,3
1,4
1,5
2,6
2,7
2,8
3,9
3,10
3,11
4,12
4,13
4,14
5,15
5,16
5,17
6,18
6,19
6,20
7,21
7,22
7,23
8,24
8,25
8,26
9,27
9,28
9,29
10,30
10,31
10,32
11,33
11,34
11,35
12,36
12,37
12,38
13,39
13,40
13,25
14,41
14,42
14,43
15,16
15,44
15,45
16,46
16,47
16,48
17,49
17,50
17,51
18,52
18,53
18,54
19,55
19,56
19,57
20,58
20,59
20,60
21,61
21,62
21,63
22,64
22,50
22,65
23,66
23,67
23,68
24,69
24,70
24,71
25,72
25,73
25,74
26,75
26,76
26,77
27,78
27,79
27,80
28,81
28,82
28,83
29,84
29,85
29,86
30,87
30,88
30,89
31,90
31,91
31,92
32,93
32,94
32,95
33,96
33,97
33,98
34,46
34,99
34,100
35,101
35,102
35,103
36,104
36,105
36,106
37,107
37,108
37,109
38,110
38,111
38,112
39,113
39,114
39,115
40,116
40,31
40,117
41,118
42,118
43,118
44,118
45,119
45,120
45,121
46,118
47,118
48,122
48,123
48,124
49,125
49,126
49,127
50,128
50,129
50,130
51,131
51,132
51,133
52,108
52,134
52,135
53,136
53,137
53,138
54,139
54,140
54,141
55,62
55,121
55,142
56,143
56,144
56,145
57,146
57,147
57,148
58,149
58,150
58,151
59,152
59,153
59,154
60,155
60,156
60,157
61,158
61,159
61,160
62,161
62,162
62,163
63,164
63,165
63,166
64,167
64,168
64,169
65,15
65,170
65,171
66,172
66,173
66,174
67,175
67,176
67,177
68,178
68,179
68,180
69,181
69,182
69,183
70,184
70,185
70,186
71,187
71,188
71,189
72,190
72,191
72,192
73,193
73,194
73,195
74,196
74,197
74,198
75,199
75,200
75,201
76,202
76,203
76,204
77,76
77,205
77,206
78,207
78,208
78,209
79,210
79,211
79,212
80,213
80,214
80,215
81,216
81,217
81,218
82,219
82,220
82,221
83,222
83,223
83,224
84,225
84,226
84,227
85,228
85,229
85,230
86,231
86,232
86,233
87,234
87,211
87,235
88,236
88,237
88,238
89,239
89,240
89,241
90,242
90,10
90,243
91,244
91,245
91,246
92,219
92,190
92,247
93,248
93,249
93,250
94,251
94,252
94,253
95,254
95,255
95,256
96,257
96,258
96,259
97,15
97,260
97,38
98,261
98,262
98,263
99,264
99,265
99,266
100,267
100,268
100,269
101,270
101,271
101,272
102,273
102,274
102,275
103,276
103,277
103,278
104,279
104,280
104,281
105,282
105,283
105,284
106,285
106,286
106,287
107,16
107,288
107,289
108,290
108,291
108,292
109,293
109,294
109,295
110,296
110,297
110,298
111,299
111,300
111,301
112,302
112,303
112,304
113,305
113,306
113,307
114,308
114,309
114,310
115,311
115,312
115,313
116,124
116,314
116,315
117,242
117,316
117,311
118,317
118,318
118,319
119,320
119,321
119,322
120,307
120,323
120,324
121,325
121,326
121,327
122,328
122,329
122,330
123,331
123,332
124,333
124,334
124,335
125,336
125,337
125,338
126,244
126,339
126,126
127,340
127,268
127,127
128,341
128,342
128,343
129,344
129,345
129,346
130,347
130,348
130,349
131,350
131,351
131,352
132,234
132,353
132,354
133,355
133,356
133,357
134,118
135,118
136,118
137,118
138,358
138,359
138,360
139,118
140,118
141,118
142,118
143,118
144,118
145,118
146,118
147,118
148,118
149,323
149,361
149,362
150,178
150,363
150,364
151,365
151,366
151,367
152,265
152,75
152,368
153,178
153,369
153,370
154,371
154,279
154,372
155,58
155,373
155,374
156,365
156,375
156,376
157,50
157,377
157,378
158,373
158,379
158,380
159,90
159,381
159,382
160,383
160,384
160,385
161,386
161,387
161,388
162,389
162,390
162,19
163,325
163,391
163,392
164,393
164,394
164,395
165,396
165,397
165,398
166,399
166,400
166,401
167,64
167,402
167,349
168,164
168,403
168,404
169,405
169,406
169,407
170,408
170,409
170,63
171,410
171,411
171,412
172,413
172,414
172,415
173,416
173,417
173,418
174,419
174,420
174,421
175,422
175,423
175,424
176,425
176,426
176,427
177,428
177,429
177,430
178,431
178,432
178,433
179,161
179,434
179,435
180,436
180,65
180,194
181,437
181,438
181,439
182,211
182,440
182,441
183,442
183,443
183,444
184,65
184,445
184,446
185,76
185,447
185,448
186,449
186,450
186,451
187,449
187,450
187,451
188,178
188,452
188,453
189,239
189,454
189,448
190,455
190,391
190,299
191,448
191,456
191,457
192,458
192,10
192,180
193,459
193,460
193,461
194,462
194,463
194,464
195,465
195,170
195,466
196,467
196,468
196,469
197,55
197,465
197,470
198,471
198,472
198,473
199,474
199,369
199,475
200,476
200,477
200,478
201,399
201,479
201,480
202,481
202,482
202,483
203,219
203,220
203,221
204,225
204,484
204,485
205,486
205,487
205,42
206,488
206,489
206,490
207,491
207,492
207,493
208,494
208,495
208,496
209,497
209,498
209,499
210,270
210,500
210,501
211,110
211,420
211,502
212,426
212,503
212,417
213,466
213,22
213,504
214,505
214,506
214,507
215,416
215,508
215,509
216,510
216,511
216,512
217,234
217,513
217,229
218,30
218,76
218,514
219,224
219,515
219,516
220,55
220,517
220,518
221,519
221,520
221,521
222,61
222,299
222,522
223,118
224,118
225,523
225,524
225,525
226,118
227,118
228,118
229,118
230,118
231,118
232,118
233,118
234,118
235,118
236,118
237,118
238,526
238,527
238,528
239,529
239,530
239,531
240,532
240,47
240,533
241,264
241,534
241,535
242,447
242,536
242,537
243,538
243,539
243,307
244,540
244,541
244,542
245,543
245,544
245,6
246,92
246,545
246,50
247,546
247,487
247,547
248,548
248,549
248,550
249,551
249,60
249,46
250,389
250,72
250,552
251,553
251,554
251,555
252,340
252,382
252,69
253,556
253,18
253,557
254,101
254,119
254,4
255,558
255,559
255,560
256,561
256,562
256,563
257,564
257,565
257,566
258,567
258,568
258,569
259,92
259,39
259,456
260,570
260,571
260,572
261,49
261,573
261,464
262,574
262,575
262,576
263,577
263,31
263,578
264,579
264,311
264,580
265,581
265,582
265,583
266,16
266,73
266,296
267,584
267,585
267,21
268,12
268,586
268,587
269,588
269,154
269,589
270,590
270,425
270,519
271,305
271,442
271,50
272,574
272,575
272,576
273,190
273,36
273,447
274,591
274,90
274,592
275,288
275,593
275,594
276,595
276,596
276,597
277,598
277,599
277,600
278,260
278,601
278,602
279,56
279,180
279,379
280,603
280,142
280,5
281,604
281,605
281,606
282,607
282,385
282,445
283,608
283,59
283,609
284,610
284,447
284,611
285,603
285,204
285,308
286,181
286,470
286,254
287,219
287,612
287,382
288,613
288,614
288,615
289,545
289,616
289,413
290,617
290,618
290,619
291,458
291,369
291,620
292,621
292,622
292,600
293,623
293,624
293,625
294,44
294,58
294,626
295,627
295,628
295,65
296,629
296,239
296,630
297,74
297,631
297,632
298,633
298,634
298,498
299,634
299,498
299,635
300,636
300,637
300,638
301,33
301,212
301,639
302,640
302,641
302,642
303,643
303,644
303,645
304,646
304,647
304,648
305,649
305,650
305,651
306,64
306,44
306,652
307,653
307,654
307,655
308,1
308,656
308,657
309,543
309,609
309,658
310,659
310,660
310,661
311,662
311,663
311,664
312,665
312,666
312,667
313,125
313,668
313,669
314,670
314,609
314,671
315,672
315,673
315,674
316,675
316,84
316,676
317,527
317,677
317,678
318,679
318,680
318,681
319,682
319,683
319,684
320,685
320,686
320,687
321,688
321,689
321,690
322,691
322,107
322,692
323,231
323,232
323,693
324,694
324,695
324,696
325,118
326,118
327,118
328,118
329,118
330,118
331,697
331,698
331,699
332,118
333,118
334,118
335,118
336,118
337,436
337,223
337,700
338,118
339,118
340,101
340,701
340,22
341,267
341,426
341,702
342,703
342,370
342,704
343,705
343,706
343,707
344,701
344,708
344,709
345,710
345,193
345,77
346,0
346,711
346,712
347,118
348,713
348,714
348,715
349,118
350,546
350,239
350,716
351,69
351,38
351,717
352,718
352,719
352,720
353,721
353,722
353,723
354,724
354,381
354,114
355,725
355,726
355,727
356,728
356,729
356,730
357,52
357,731
357,732
358,285
358,288
358,733
359,136
359,734
359,724
360,33
360,735
360,736
361,737
361,738
361,448
362,119
362,497
362,739
363,69
363,483
363,740
364,741
364,742
364,743
365,101
365,744
365,745
366,274
366,36
366,580
367,399
367,483
367,161
368,737
368,41
368,691
369,24
369,746
369,747
370,551
370,748
370,194
371,544
371,210
371,120
372,202
372,87
372,654
373,481
373,454
373,58
374,484
374,72
374,43
375,486
375,749
375,750
376,751
376,752
376,753
377,160
377,754
377,755
378,756
378,757
378,758
379,759
379,633
379,760
380,761
380,762
380,763
381,55
381,764
381,765
382,766
382,767
382,768
383,24
383,769
383,770
384,771
384,772
384,732
385,773
385,774
385,165
386,775
386,776
386,777
387,778
387,779
387,780
388,781
388,782
388,576
389,783
389,784
389,785
390,786
390,787
390,788
391,540
391,789
391,790
392,791
392,439
392,792
393,793
393,794
393,795
394,796
394,165
394,797
395,798
395,799
395,218
396,204
396,769
396,212
397,603
397,142
397,5
398,800
398,87
398,119
399,801
399,408
399,270
400,36
400,802
400,803
401,155
401,804
401,77
402,91
402,191
402,474
403,805
403,806
403,807
404,3
404,369
404,808
405,809
405,810
405,643
406,242
406,811
406,812
407,28
407,468
407,813
408,91
408,456
408,814
409,225
409,701
409,815
410,546
410,816
410,502
411,579
411,701
411,25
412,817
412,818
412,819
413,71
413,820
413,821
414,16
414,127
414,822
415,823
415,824
415,825
416,826
416,44
416,827
417,118
418,118
419,828
419,829
419,114
420,118
421,118
422,118
423,118
424,118
425,118
426,118
427,118
428,118
429,118
430,118
431,118
432,118
433,118
434,225
434,537
434,717
435,830
435,831
435,832
436,45
436,801
436,464
437,497
437,833
437,184
438,834
438,442
438,594
439,364
439,817
439,835
440,545
440,482
440,58
441,325
441,527
441,391
442,836
442,453
442,382
443,18
443,701
443,837
444,236
444,58
444,448
445,118
446,741
446,838
446,156
447,661
447,486
447,839
448,840
448,389
448,841
449,842
449,843
449,844
450,24
450,68
450,518
451,845
451,701
451,846
452,847
452,848
452,829
453,849
453,850
453,851
454,436
454,852
454,853
455,381
455,274
455,119
456,854
456,855
456,856
457,543
457,591
457,136
458,857
458,858
458,859
459,164
459,527
459,860
460,273
460,240
460,59
461,800
461,861
461,862
462,751
462,863
462,864
463,10
463,72
463,865
464,45
464,190
464,172
465,804
465,866
465,162
466,793
466,867
466,868
467,92
467,180
467,869
468,185
468,498
468,870
469,395
469,536
469,871
470,309
470,872
470,811
471,551
471,873
471,874
472,364
472,875
472,876
473,877
473,866
473,878
474,381
474,541
474,879
475,426
475,838
475,756
476,205
476,616
476,265
477,285
477,745
477,880
478,128
478,13
478,881
479,882
479,883
479,884
480,653
480,311
480,471
481,885
481,886
481,887
482,888
482,889
483,73
483,46
483,399
484,99
484,890
484,508
485,244
485,891
485,503
486,3
486,152
486,27
487,468
487,892
487,494
488,893
488,894
488,571
489,196
489,895
489,896
490,267
490,68
490,522
491,897
491,90
491,228
492,898
492,679
492,899
493,481
493,273
493,867
494,0
494,373
494,900
495,62
495,178
495,793
496,901
496,799
496,902
497,903
497,311
497,713
498,514
498,904
498,905
499,906
499,191
499,907
500,162
500,895
500,125
501,39
501,46
501,908
502,60
502,909
502,814
503,389
503,55
503,178
504,39
504,38
504,724
505,293
505,910
505,911
506,719
506,912
506,913
507,447
507,914
507,915
508,626
508,916
508,917
509,918
509,919
509,920
510,921
510,922
510,907
511,923
511,244
511,924
512,925
512,469
512,926
513,593
513,458
513,299
514,927
514,801
514,601
515,118
516,452
516,928
516,929
517,118
518,118
519,118
520,118
521,118
522,118
523,118
524,118
525,118
526,118
527,118
528,118
529,118
530,118
531,118
532,118
533,930
533,677
533,754
534,847
534,931
534,932
535,933
535,934
535,935
536,740
536,936
536,165
537,937
537,938
537,939
538,847
538,153
538,416
539,653
539,17
539,940
540,841
540,402
540,126
541,190
541,323
541,483
542,941
542,812
542,942
543,943
543,944
543,945
544,741
544,212
544,946
545,947
545,948
545,949
546,950
546,221
546,930
547,951
547,952
547,374
548,953
548,954
548,955
549,956
549,957
549,958
550,959
550,810
550,960
551,961
551,81
551,962
552,185
552,503
552,963
553,269
553,964
553,172
554,91
554,456
554,814
555,965
555,966
555,967
556,968
556,969
556,970
557,971
557,972
557,973
558,316
558,974
558,975
559,976
559,977
559,978
560,979
560,980
560,981
561,982
561,983
561,984
562,985
562,986
562,987
563,702
563,463
563,988
564,989
564,990
564,991
565,992
565,131
565,993
566,994
566,995
566,996
567,997
567,998
567,999
568,1000
568,252
568,1001
569,1002
569,1003
569,1004
570,630
570,1005
570,1006
571,1007
571,1008
571,1009
572,741
572,45
572,488
573,465
573,76
573,426
574,1010
574,3
574,1011
575,551
575,1012
575,573
576,481
576,816
576,1013
577,1014
577,1015
577,1016
578,737
578,202
578,1017
579,288
579,39
579,1018
580,1019
580,1020
580,1021
581,1022
581,1023
581,1024
582,1025
582,1026
582,1027
583,390
583,239
583,228
584,1028
584,1029
584,1030
585,1031
585,1032
585,1033
586,1034
586,1035
586,1036
587,1037
587,1038
587,1039
588,1040
588,1041
588,1042
589,228
589,1043
589,1044
590,87
590,179
590,1045
591,1046
591,1047
591,1048
592,1049
592,1050
592,689
593,1051
593,362
593,408
594,364
594,152
594,1052
595,1053
595,365
595,1054
596,1055
596,1056
596,1057
597,1058
597,547
597,715
598,1059
598,1060
598,1061
599,804
599,382
599,1062
600,1063
600,1064
600,1065
601,1066
601,1067
601,1068
602,172
602,50
602,1069
603,50
603,588
603,462
604,1070
604,1071
604,1072
605,62
605,178
605,793
606,871
606,404
606,1073
607,1074
607,1075
607,1076
608,118
609,118
610,390
610,371
610,1077
611,483
611,1078
611,1079
612,847
612,1080
612,1081
613,864
613,1082
613,1083
614,1084
614,1085
614,1086
615,1087
615,1088
615,1089
616,448
616,114
616,1090
617,12
617,1091
617,1092
618,1093
618,247
618,1094
619,1095
619,1096
619,1097
620,44
620,623
620,127
621,1098
621,1099
621,1100
622,1101
622,1102
622,1103
623,1104
623,1105
623,1106
624,270
624,271
624,272
625,1107
625,1108
625,625
626,373
626,544
626,1109
627,545
627,1110
627,1107
628,1111
628,1112
628,1113
629,711
629,609
629,1114
630,1115
630,1116
630,1117
631,1118
631,1119
631,1120
632,454
632,389
632,401
633,1121
633,1122
633,1123
634,426
634,43
634,1124
635,1125
635,1126
635,1127
636,1128
636,1129
636,1130
637,1131
637,351
637,1132
638,39
638,1133
638,1134
639,1135
639,1136
639,861
640,1137
640,752
640,1138
641,1139
641,1140
641,1141
642,1142
642,127
642,1143
643,1144
643,1145
643,1146
644,1147
644,1148
644,1149
645,24
645,1150
645,1151
646,1152
646,1153
646,1154
647,1155
647,1156
647,1157
648,1152
648,1153
648,1154
649,1158
649,1159
649,1160
650,129
650,1161
650,418
651,1162
651,1163
651,1095
652,1164
652,1165
652,1166
653,1167
653,1168
653,502
654,486
654,1169
654,1170
655,1171
655,1064
655,1172
656,144
656,1173
656,1174
657,1175
657,1176
658,202
658,1177
658,1178
659,437
659,438
659,439
660,793
660,487
660,1179
661,923
661,267
661,162
662,118
663,118
664,789
664,680
664,1180
665,959
665,1181
665,1182
666,1183
666,1184
666,1185
667,1186
667,1187
667,1188
668,399
668,1189
668,731
669,1190
669,1191
669,1192
670,1193
670,1194
670,1195
671,214
671,1196
671,1197
672,1198
672,357
672,1199
673,119
673,1200
673,1201
674,24
674,1202
674,814
675,1203
675,1204
675,1205
676,367
676,1206
676,1207
677,546
677,588
677,1208
678,612
678,739
678,1209
679,1210
679,1211
679,1212
680,570
680,488
680,1091
681,877
681,897
681,1213
682,19
682,49
682,929
683,234
683,353
683,354
684,759
684,633
684,760
685,1214
685,1215
685,1216
686,807
686,479
686,1217
687,1218
687,610
687,1219
688,737
688,474
688,1220
689,1221
689,1222
690,1223
690,1224
690,1225
691,1226
691,1227
691,1228
692,382
692,868
692,570
693,1229
693,1230
693,1231
694,1232
694,1233
694,1234
695,222
695,79
695,1235
696,160
696,754
696,755
697,205
697,221
697,191
698,1236
698,1237
698,1238
699,118
700,118
701,118
702,118
703,118
704,118
705,118
706,118
707,1239
707,1240
707,1241
708,118
709,118
710,118
711,118
712,1242
712,1243
712,1244
713,1245
713,1194
713,1246
714,1010
714,3
714,1011
715,1247
715,1248
715,612
716,75
716,1249
716,1250
717,1251
717,1252
717,1253
718,1254
718,1255
718,1256
719,317
719,1257
719,1258
720,1259
720,1260
720,1261
721,1262
722,1263
722,1264
722,1265
723,679
723,714
723,1266
724,76
724,1267
724,402
725,939
725,1268
725,75
726,1269
726,1270
726,1271
727,3
727,1272
727,1273
728,1112
728,1274
728,950
729,1275
729,1276
729,6
730,722
730,1277
730,1278
731,1279
731,1280
731,1281
732,1282
732,1283
732,1284
733,1164
733,1285
733,1131
734,1286
734,1287
734,457
735,661
735,1288
735,393
736,482
736,519
736,1289
737,756
737,265
737,868
738,381
738,1270
738,992
739,16
739,55
739,484
740,76
740,228
740,1290
741,52
741,724
741,1291
742,56
742,1292
742,1293
743,118
744,1294
744,1295
744,1296
745,118
746,1297
746,1298
746,1299
747,382
747,1300
747,1301
748,1302
749,1303
749,1304
749,1305
750,1306
750,1307
750,1308
751,1309
751,1310
751,1311
752,64
752,1312
752,1313
753,364
753,1314
753,1315
754,1316
754,1317
754,1318
755,1319
755,77
755,1320
756,219
756,1321
756,1322
757,409
757,1323
757,1324
758,360
758,857
758,1325
759,1326
759,161
759,382
760,608
760,1327
760,836
761,1328
761,1329
761,1330
762,1331
762,1332
762,1333
763,72
763,165
763,1334
764,1335
764,392
764,1336
765,1337
765,1338
765,1116
766,1293
766,1326
766,881
767,1339
767,1340
767,1341
768,1342
768,1343
768,1344
769,1007
769,1008
769,233
770,1345
770,1346
770,1347
771,1348
771,1349
771,1350
772,896
772,1351
772,1352
773,1353
773,1354
773,1355
774,1356
774,1357
774,1358
775,426
775,1359
775,1360
776,1361
776,21
776,1362
777,1363
777,1364
777,1365
778,1366
778,1367
778,13
779,1368
779,1369
779,1370
780,285
780,712
780,59
781,1062
781,403
781,1371
782,1372
782,1373
782,1374
783,1375
783,394
783,1376
784,399
784,609
784,1377
785,60
785,367
785,1378
786,547
786,1379
786,487
787,118
788,118
789,118
790,118
791,1380
791,1381
791,1382
792,1383
792,1384
792,1385
793,1386
793,293
793,1387
794,118
795,118
796,118
797,1388
797,319
797,1389
798,118
799,118
800,840
800,1390
800,1391
801,118
802,118
803,1392
803,1393
804,1337
804,1338
804,1116
805,290
805,1301
805,1257
806,806
806,1394
806,1395
807,1396
807,1397
807,1398
808,128
808,129
808,130
809,1399
809,1400
809,1401
810,602
810,451
810,1071
811,194
811,1402
811,367
812,793
812,1403
812,1404
813,136
813,689
813,220
814,45
814,923
814,1405
815,1406
815,1407
815,524
816,652
816,1408
816,1409
817,757
817,543
817,1410
818,1301
818,1411
818,1412
819,1112
819,1413
819,1414
820,228
820,1043
820,1044
821,1415
821,379
821,1416
822,468
822,513
822,17
823,1417
823,1418
823,1419
824,450
824,70
824,63
825,0
825,1
825,2
826,426
826,957
826,1420
827,570
827,270
827,903
828,69
828,544
828,1421
829,1422
829,1423
829,1424
830,1095
830,1096
830,1097
831,1425
831,1426
831,1427
832,296
832,1093
832,1428
833,118
834,1429
834,1430
834,1431
835,1432
835,1433
835,1434
836,1435
836,1436
836,1172
837,1437
837,578
837,1438
838,1439
838,1440
838,1441
839,1439
839,1442
839,1443
840,1444
840,1445
840,1446
841,1444
841,1447
841,1448
842,1438
842,1449
842,1450
843,1438
843,1451
843,1452
844,1453
844,1454
844,1455
845,1456
845,1436
845,1457
846,1445
846,1458
846,1459
847,1437
847,1460
847,1461
848,7
848,1462
848,1463
849,1464
849,1465
849,7
850,1437
850,1444
850,6
851,1466
851,1436
851,1467
852,1466
852,1468
852,1469
853,1444
853,1470
853,1471
854,1466
854,1444
854,1031
855,1472
855,1444
855,1473
856,1474
856,1475
856,1476
857,1477
857,1478
857,1468
858,1477
858,1479
858,1480
859,1453
859,1481
859,1482
860,1483
860,1484
860,1485
861,1031
861,1486
861,1487
862,1488
862,1457
862,1489
863,1490
863,1491
863,1492
864,1493
864,722
864,1494
865,1495
865,1496
865,1497
866,118
867,118
868,118
869,118
870,118
871,118
872,118
873,118
874,118
875,118
876,118
877,118
878,118
879,118
880,118
881,118
882,118
883,1498
883,1499
883,1500
884,1445
884,1458
884,1500
885,1501
885,1502
885,1503
886,1504
886,1501
886,1459
887,1505
887,1506
887,1507
888,1507
888,1508
888,1509
889,1504
889,1510
889,1511
890,1437
890,1512
890,1513
891,1514
891,1515
891,1462
892,1438
892,1516
892,1517
893,1438
893,1518
893,1519
894,578
894,1437
894,1520
895,1437
895,1521
895,1522
896,1523
896,1524
896,1525
897,1526
897,1527
897,1528
898,1495
898,1529
898,1530
899,1531
899,1496
899,1519
900,1532
900,1533
900,1534
901,1535
901,1519
901,1536
902,1537
902,1538
902,1539
903,1540
903,1541
903,1542
904,1543
904,1544
904,1545
905,1546
905,1547
905,1548
906,1549
906,1482
906,1550
907,1551
907,1552
907,1553
908,1466
908,578
908,1554
909,1466
909,1555
909,1556
910,118
911,118
912,118
913,118
914,1557
914,1558
914,1559
915,1435
915,1560
915,1561
916,1562
916,1563
916,1564
917,1565
917,722
917,1566
918,1567
918,1568
918,1569
919,175
919,1570
919,1571
920,1031
920,1449
920,1572
921,1573
921,1574
921,1575
922,0
922,1270
922,1576
923,1577
923,1578
923,849
924,93
924,1579
924,863
925,1580
925,369
925,1581
926,1353
926,1582
926,1583
927,24
927,455
927,625
928,593
928,456
928,239
929,311
929,271
929,1584
930,724
930,323
930,1585
931,1586
931,404
931,1587
932,90
932,1588
932,1589
933,576
933,1590
933,1591
934,755
934,1592
934,1593
935,1594
935,1577
935,1595
936,181
936,1596
936,1055
937,1597
937,1598
937,1599
938,436
938,58
938,305
939,471
939,160
939,658
940,804
940,1600
940,1601
941,416
941,58
941,229
942,1602
942,1603
942,1604
943,1605
943,1606
943,1607
944,1473
944,1493
944,1425
945,1608
945,1609
945,1610
946,1608
946,1604
946,1611
947,1612
947,1605
947,1613
948,1614
948,1615
948,1616
949,1617
949,1614
949,1618
950,364
950,152
950,1619
951,1
951,1620
951,1621
952,1622
952,1612
952,1623
953,1614
953,1608
953,1624
954,1625
954,1461
954,1253
955,365
955,218
955,1626
956,923
956,749
956,1627
957,1628
957,1629
957,1630
958,1631
958,1068
958,1632
959,1633
959,1634
959,1635
960,1636
960,1631
960,1637
961,118
962,481
962,609
962,170
963,118
964,118
965,118
966,118
967,118
968,118
969,118
970,118
971,118
972,118
973,118
974,1638
974,1639
974,1640
975,545
975,1110
975,1107
976,1641
976,1642
976,1643
977,0
977,1270
977,1576
978,1644
978,87
978,338
979,39
979,1645
979,65
980,1646
980,1647
980,1648
981,41
981,382
981,1649
982,30
982,17
982,618
983,15
983,205
983,125
984,408
984,1207
984,1650
985,918
985,796
985,1651
986,1652
986,754
986,1421
987,847
987,514
987,1012
988,660
988,47
988,560
989,128
989,1366
989,239
990,1653
990,1654
990,1655
991,467
991,338
991,470
992,1656
992,1657
992,922
993,16
993,36
993,92
994,56
994,1658
994,121
995,774
995,1200
995,1659
996,1010
996,3
996,1660
997,1445
997,1458
997,1500
998,1661
998,1662
998,1663
999,1664
999,1665
999,1033
1000,1666
1000,1667
1000,1668
1001,1665
1001,1550
1001,1669
1002,1670
1002,1671
1002,1672
1003,1673
1003,1674
1003,1675
1004,1676
1004,1677
1004,1678
1005,128
1005,13
1005,1679
1006,128
1006,1680
1006,1681
1007,1682
1007,748
1007,1683
1008,1684
1008,1682
1008,1685
1009,1686
1009,733
1009,1687
1010,1688
1010,1689
1010,1690
1011,1465
1011,1691
1011,7
1012,577
1012,229
1012,1692
1013,480
1013,1008
1013,1693
1014,1493
1014,1451
1014,1694
1015,1695
1015,1696
1015,1697
1016,465
1016,1698
1016,1699
1017,178
1017,49
1017,391
1018,847
1018,959
1018,688
1019,516
1019,1700
1019,1701
1020,30
1020,44
1020,88
1021,17
1021,544
1021,450
1022,1702
1022,655
1022,1322
1023,15
1023,7
1023,205
1024,274
1024,1683
1024,35
1025,1703
1025,417
1025,269
1026,1704
1026,1705
1026,791
1027,1706
1027,1707
1027,1708
1028,545
1028,616
1028,448
1029,545
1029,543
1029,1709
1030,1114
1030,602
1030,1710
1031,1507
1031,1691
1031,1711
1032,1481
1032,513
1032,1712
1033,678
1033,1713
1033,1714
1034,1715
1034,1716
1034,1717
1035,223
1035,1718
1036,1719
1036,1364
1036,1720
1037,426
1037,601
1037,1721
1038,211
1038,1722
1038,891
1039,1723
1039,1724
1039,1725
1040,1726
1040,1727
1040,1728
1041,624
1041,1729
1041,958
1042,903
1042,540
1042,1730
1043,912
1043,1731
1043,1732
1044,56
1044,1733
1044,1077
1045,670
1045,1734
1045,1364
1046,373
1046,1735
1046,274
1047,578
1047,1736
1047,1164
1048,1514
1048,1245
1048,1737
1049,994
1049,1738
1049,1739
1050,154
1050,170
1050,1740
1051,1741
1051,748
1051,1742
1052,653
1052,1743
1052,1032
1053,1670
1053,1744
1053,1745
1054,1746
1054,957
1054,624
1055,1746
1055,1107
1055,624
1056,118
1057,1747
1057,1748
1057,1749
1058,1366
1058,1750
1058,402
1059,1684
1059,1682
1059,1751
1060,1752
1060,1753
1060,1754
1061,118
1062,118
1063,1686
1063,1755
1063,1756
1064,1757
1064,1758
1064,1759
1065,118
1066,118
1067,1760
1067,1761
1067,1762
1068,957
1068,1763
1068,1764
1069,118
1070,118
1071,1242
1071,1667
1071,1765
1072,118
1073,1766
1073,1767
1073,1768
1074,1769
1074,1770
1074,1771
1075,1483
1075,1772
1075,1773
1076,469
1076,1774
1076,1775
1077,1776
1077,1777
1077,1778
1078,1779
1078,1780
1078,1781
1079,20
1079,1782
1079,1783
1080,1784
1080,1785
1080,1786
1081,1787
1081,10
1081,1788
1082,1789
1082,271
1082,451
1083,543
1083,453
1083,1790
1084,144
1084,1791
1084,1792
1085,1793
1085,750
1085,582
1086,1794
1086,1795
1086,144
1087,1796
1087,1797
1087,1798
1088,74
1088,1799
1088,1800
1089,308
1089,834
1089,689
1090,1625
1090,1801
1090,1561
1091,204
1091,260
1091,31
1092,907
1092,1802
1092,1803
1093,400
1093,1804
1093,1297
1094,458
1094,633
1094,688
1095,1805
1095,1806
1095,1807
1096,800
1096,749
1096,1808
1097,654
1097,474
1097,1644
1098,816
1098,703
1098,10
1099,118
1100,118
1101,172
1101,50
1101,1069
1102,1809
1102,1810
1102,1811
1103,1812
1103,1813
1103,1814
1104,202
1104,1371
1104,1815
1105,1212
1105,1816
1105,1817
1106,556
1106,18
1106,557
1107,719
1107,1818
1107,711
1108,18
1108,1819
1108,1820
1109,99
1109,1821
1109,16
1110,61
1110,1740
1110,1822
1111,273
1111,1721
1111,1743
1112,1093
1112,1823
1112,333
1113,1736
1113,1824
1113,1825
1114,1483
1114,1826
1114,480
1115,1488
1115,1503
1115,1827
1116,684
1116,1828
1116,1829
1117,1472
1117,1830
1117,1831
1118,32
1118,513
1118,448
1119,1736
1119,1832
1119,1833
1120,556
1120,18
1120,557
1121,1834
1121,1835
1121,1836
1122,1488
1122,1457
1122,1837
1123,16
1123,267
1123,45
1124,61
1124,826
1124,485
1125,1838
1125,1839
1125,1840
1126,1841
1126,610
1126,1405
1127,1842
1127,1843
1127,1844
1128,1845
1128,1846
1128,1847
1129,1848
1129,1742
1129,1849
1130,1850
1130,1091
1130,1851
1131,15
1131,16
1131,448
1132,42
1132,1852
1132,1189
1133,1221
1133,1222
1134,73
1134,1853
1134,1854
1135,873
1135,95
1135,1855
1136,118
1137,118
1138,16
1138,368
1138,45
1139,118
1140,118
1141,118
1142,118
1143,118
1144,118
1145,118
1146,118
1147,118
1148,118
1149,118
1150,724
1150,373
1150,719
1151,447
1151,49
1151,155
1152,128
1152,13
1152,1784
1153,126
1153,486
1153,369
1154,3
1154,1408
1154,497
1155,608
1155,121
1155,1856
1156,1857
1156,1488
1156,1742
1157,339
1157,1858
1157,1859
1158,1031
1158,1826
1158,1860
1159,630
1159,1861
1159,1833
1160,202
1160,229
1160,1862
1161,1863
1161,1448
1161,1864
1162,1466
1162,1865
1162,1866
1163,1867
1163,1868
1163,1869
1164,1870
1164,1871
1164,1872
1165,260
1165,1873
1165,1874
1166,202
1166,1177
1166,1178
1167,1875
1167,1876
1167,1877
1168,1878
1168,1879
1168,1880
1169,1838
1169,1881
1169,1882
1170,1883
1170,733
1170,590
1171,16
1171,211
1171,1884
1172,1885
1172,1886
1172,1793
1173,1293
1173,474
1173,823
1174,273
1174,58
1174,609
1175,1887
1175,1888
1175,1742
1176,190
1176,247
1176,1889
1177,1437
1177,1890
1177,1508
1178,364
1178,212
1178,1891
1179,1195
1179,592
1179,191
1180,118
1181,118
1182,1892
1182,1893
1182,1894
1183,540
1183,389
1183,1895
1184,591
1184,736
1184,1817
1185,957
1185,1896
1185,1897
1186,1673
1186,586
1186,1898
1187,119
1187,357
1187,1899
1188,84
1188,1900
1188,1901
1189,1902
1189,1903
1189,1904
1190,1905
1190,1906
1190,1907
1191,1435
1191,1451
1191,1482
1192,1466
1192,1755
1192,1908
1193,119
1193,190
1193,419
1194,691
1194,1909
1194,1910
1195,1857
1195,1860
1195,1911
1196,1912
1196,1913
1196,1914
1197,1915
1197,1916
1198,185
1198,191
1198,1891
1199,18
1199,389
1199,1917
1200,1245
1200,1462
1200,1690
1201,299
1201,1918
1201,1919
1202,514
1202,1920
1202,826
1203,800
1203,633
1203,914
1204,1360
1204,296
1204,1921
1205,17
1205,1922
1205,1923
1206,1924
1206,1925
1206,1926
1207,1927
1207,846
1207,240
1208,1928
1208,1149
1208,1929
1209,1930
1209,1931
1209,33
1210,481
1210,114
1210,267
1211,389
1211,1932
1211,1910
1212,591
1212,1688
1212,1856
1213,1933
1213,931
1213,1252
1214,452
1214,1835
1214,1934
1215,1935
1215,544
1215,557
1216,1936
1216,1937
1216,1938
1217,1939
1217,1940
1217,1941
1218,898
1218,1942
1218,889
1219,484
1219,126
1219,155
1220,1935
1220,1943
1220,294
1221,1944
1221,1945
1221,1946
1222,6
1222,1652
1222,1078
1223,61
1223,754
1223,1049
1224,1947
1224,1948
1224,1949
1225,1950
1225,1951
1225,1364
1226,1952
1226,1953
1226,1954
1227,1955
1227,1956
1227,1957
1228,1958
1228,1959
1228,1960
1229,1961
1229,1962
1229,1963
1230,642
1230,1964
1230,1965
1231,1966
1231,1967
1231,1968
1232,1969
1232,1970
1232,1971
1233,118
1234,118
1235,118
1236,118
1237,118
1238,118
1239,118
1240,118
1241,118
1242,118
1243,118
1244,118
1245,118
1246,118
1247,1276
1247,1275
1247,1078
1248,931
1248,684
1248,1972
1249,728
1249,234
1249,729
1250,1973
1250,1974
1250,1975
1251,1976
1251,1910
1251,1425
1252,1472
1252,1977
1252,1978
1253,202
1253,1932
1253,751
1254,244
1254,229
1254,712
1255,1979
1255,225
1255,1755
1256,1980
1256,969
1256,494
1257,661
1257,546
1257,1981
1258,682
1258,1982
1258,1983
1259,1984
1259,1985
1259,1986
1260,1167
1260,1987
1260,502
1261,551
1261,1417
1261,1092
1262,1988
1262,1989
1262,1990
1263,1991
1263,1992
1263,1993
1264,1298
1264,1994
1264,1995
1265,373
1265,9
1265,89
1266,969
1266,1996
1266,1997
1267,1998
1267,1999
1267,2000
1268,800
1268,119
1268,2001
1269,738
1269,1577
1269,2002
1270,2003
1270,2004
1270,2005
1271,90
1271,166
1271,2006
1272,683
1272,1827
1272,2007
1273,683
1273,1827
1273,2007
1274,683
1274,1827
1274,2007
1275,683
1275,1827
1275,2007
1276,683
1276,1827
1276,2007
1277,683
1277,1827
1277,2007
1278,737
1278,60
1278,87
1279,804
1279,153
1279,1109
1280,804
1280,153
1280,1109
1281,219
1281,2008
1281,1114
1282,118
1283,471
1283,2009
1283,2010
1284,930
1284,2011
1284,2012
1285,443
1285,2013
1285,245
1286,471
1286,517
1286,701
1287,2014
1287,7
1287,2015
1288,2016
1288,2017
1288,155
1289,2016
1289,2018
1289,2019
1290,454
1290,336
1290,2020
1291,7
1291,733
1291,1091
1292,202
1292,27
1292,305
1293,867
1293,2021
1293,1395
1294,545
1294,866
1294,1035
1295,69
1295,62
1295,2022
1296,155
1296,60
1296,2023
1297,1688
1297,1091
1297,2024
1298,136
1298,2025
1298,156
1299,161
1299,416
1299,2026
1300,274
1300,467
1300,13
1301,205
1301,652
1301,426
1302,55
1302,931
1302,450
1303,2027
1303,90
1303,76
1304,1173
1304,2028
1304,2029
1305,1228
1305,858
1305,774
1306,800
1306,91
1306,2030
1307,219
1307,474
1307,452
1308,1462
1308,821
1308,180
1309,73
1309,2031
1309,1853
1310,582
1310,2032
1310,2033
1311,1189
1311,1035
1311,2034
1312,927
1312,1441
1312,2035
1313,2036
1313,2037
1313,2038
1314,1809
1314,99
1314,50
1315,616
1315,240
1315,2023
1316,1948
1316,2039
1316,2040
1317,2041
1317,2042
1317,2043
1318,118
1319,55
1319,1272
1319,2044
1320,1909
1320,2045
1320,2046
1321,1682
1321,748
1321,1683
1322,108
1322,2047
1322,2048
1323,267
1323,348
1323,2049
1324,2050
1324,917
1324,840
1325,290
1325,2051
1325,2052
1326,162
1326,294
1326,891
1327,231
1327,2053
1327,2054
1328,118
1329,118
1330,118
1331,118
1332,118
1333,118
1334,118
1335,118
1336,118
1337,118
1338,2055
1338,667
1338,665
1339,118
1340,2056
1340,2057
1340,2058
1341,118
1342,1914
1342,2059
1342,939
1343,493
1343,2060
1343,2061
1344,2062
1344,2063
1344,53
1345,2064
1345,2065
1345,2066
1346,2067
1346,2068
1346,2069
1347,470
1347,375
1347,2070
1348,2071
1348,377
1348,811
1349,2072
1349,2073
1349,2074
1350,273
1350,58
1350,154
1351,75
1351,1626
1351,1608
1352,584
1352,878
1352,1292
1353,1367
1353,1124
1353,2075
1354,265
1354,323
1354,2076
1355,1110
1355,1122
1355,2077
1356,15
1356,234
1356,391
1357,2078
1357,2079
1357,1593
1358,2080
1358,2081
1358,2082
1359,703
1359,72
1359,93
1360,178
1360,751
1360,245
1361,2083
1361,860
1361,67
1362,1
1362,14
1362,2084
1363,725
1363,2085
1363,2086
1364,2087
1364,2088
1364,2089
1365,883
1365,177
1365,1096
1366,17
1366,70
1366,495
1367,2087
1367,2088
1367,2089
1368,853
1368,2090
1368,2091
1369,654
1369,62
1369,440
1370,2092
1370,404
1370,437
1371,52
1371,2093
1371,2094
1372,274
1372,467
1372,13
1373,118
1374,18
1374,92
1374,2095
1375,410
1375,2096
1375,2097
1376,311
1376,2098
1376,1361
1377,756
1377,265
1377,868
1378,159
1378,613
1378,1402
1379,2099
1379,2100
1379,2101
1380,286
1380,28
1380,308
1381,24
1381,2102
1381,2103
1382,1270
1382,1208
1382,2104
1383,1110
1383,57
1383,185
1384,260
1384,508
1384,1091
1385,185
1385,654
1385,790
1386,2105
1386,948
1386,2106
1387,45
1387,2107
1387,714
1388,2108
1388,1387
1388,864
1389,738
1389,362
1389,2109
1390,821
1390,1137
1390,2110
1391,2111
1391,2112
1391,146
1392,2025
1392,1321
1392,603
1393,2113
1393,2114
1393,2115
1394,129
1394,859
1394,739
1395,1258
1395,84
1395,2116
1396,701
1396,1323
1396,2117
1397,895
1397,793
1397,873
1398,2118
1398,1570
1398,2119
1399,653
1399,502
1399,2047
1400,219
1400,190
1400,247
1401,456
1401,858
1401,951
1402,2120
1402,2121
1402,2122
1403,153
1403,2123
1403,2124
1404,2125
1404,2126
1404,2127
1405,3
1405,1935
1405,2128
1406,90
1406,2129
1406,447
1407,274
1407,742
1407,2130
1408,383
1408,2131
1408,2132
1409,582
1409,1321
1409,2133
1410,2134
1410,832
1410,2135
1411,2136
1411,2137
1411,2138
1412,1686
1412,1910
1412,2139
1413,228
1413,2140
1413,2141
1414,2142
1414,2143
1414,2144
1415,2145
1415,2146
1415,2147
1416,2148
1416,2149
1416,2150
1417,544
1417,724
1417,2151
1418,861
1418,852
1418,661
1419,2152
1419,689
1419,2153
1420,868
1420,65
1420,861
1421,1189
1421,1035
1421,2034
1422,2154
1422,2155
1422,2156
1423,118
1424,118
1425,118
1426,118
1427,118
1428,118
1429,2157
1429,2158
1429,2159
1430,118
1431,118
1432,161
1432,236
1432,688
1433,118
1434,118
1435,118
1436,118
1437,610
1437,2160
1437,2161
1438,118
1439,2162
1439,2163
1439,652
1440,2164
1440,399
1440,2165
1441,239
1441,63
1441,731
1442,2166
1442,2167
1442,2168
1443,2169
1443,2170
1443,2171
1444,1285
1444,646
1444,2172
1445,219
1445,69
1445,40
1446,306
1446,2173
1446,2174
1447,2175
1447,2176
1447,2177
1448,2178
1448,2179
1448,2180
1449,701
1449,756
1449,268
1450,7
1450,6
1450,2181
1451,2182
1451,2183
1451,2184
1452,14
1452,1378
1452,2185
1453,288
1453,1326
1453,826
1454,2186
1454,2187
1454,2188
1455,76
1455,1313
1455,121
1456,551
1456,114
1456,2189
1457,801
1457,1291
1457,2190
1458,64
1458,178
1458,267
1459,72
1459,793
1459,2047
1460,2191
1460,470
1460,32
1461,2192
1461,2193
1461,2194
1462,857
1462,2195
1462,36
1463,2196
1463,2197
1463,2198
1464,325
1464,527
1464,391
1465,494
1465,2199
1465,2200
1466,285
1466,239
1466,682
1467,737
1467,210
1467,2201
1468,118
1469,102
1469,711
1469,219
1470,72
1470,49
1470,1043
1471,271
1471,2202
1471,2203
1472,129
1472,434
1472,2204
1473,847
1473,176
1473,2205
1474,110
1474,2206
1474,211
1475,2207
1475,403
1475,2208
1476,18
1476,447
1476,738
1477,382
1477,1972
1477,1047
1478,389
1478,205
1478,1710
1479,1876
1479,399
1479,2209
1480,2210
1480,2211
1480,439
1481,2212
1481,2213
1481,2214
1482,1683
1482,266
1482,2215
1483,39
1483,205
1483,2216
1484,179
1484,616
1484,2217
1485,125
1485,626
1485,2218
1486,92
1486,468
1486,2219
1487,609
1487,918
1487,719
1488,1043
1488,1593
1488,177
1489,2220
1489,268
1489,715
1490,2221
1490,2222
1490,729
1491,87
1491,579
1491,136
1492,30
1492,790
1492,102
1493,471
1493,2223
1493,2224
1494,102
1494,57
1494,546
1495,739
1495,2225
1495,2226
1496,2227
1496,2228
1496,2229
1497,456
1497,514
1497,299
1498,20
1498,348
1498,266
1499,2230
1499,2231
1499,2232
1500,1683
1500,40
1500,61
1501,2233
1501,789
1501,2234
1502,670
1502,2235
1502,2236
1503,2237
1503,2098
1503,2238
1504,619
1504,618
1504,2239
1505,2240
1505,303
1505,2241
1506,1094
1506,280
1506,2242
1507,2243
1507,2244
1507,1323
1508,399
1508,15
1508,1576
1509,2245
1509,2246
1509,680
1510,2247
1510,245
1510,394
1511,1573
1511,2248
1511,2249
1512,2250
1512,2251
1512,2252
1513,136
1513,486
1513,1360
1514,36
1514,22
1514,2253
1515,118
1516,118
1517,118
1518,118
1519,118
1520,118
1521,118
1522,118
1523,118
1524,118
1525,118
1526,118
1527,496
1527,2254
1527,2255
1528,118
1529,607
1529,1650
1529,684
1530,118
1531,55
1531,931
1531,450
1532,2256
1532,2257
1532,2258
1533,163
1533,56
1533,603
1534,49
1534,1722
1534,2259
1535,2260
1535,60
1535,338
1536,1137
1536,65
1536,1267
1537,18
1537,1709
1537,1200
1538,236
1538,74
1538,2261
1539,2262
1539,2263
1539,401
1540,654
1540,1321
1540,582
1541,2264
1541,2265
1541,2266
1542,2267
1542,2268
1542,2269
1543,547
1543,2270
1543,2050
1544,2054
1544,2271
1544,814
1545,52
1545,154
1545,371
1546,296
1546,617
1546,2272
1547,1247
1547,1645
1547,2273
1548,128
1548,1366
1548,239
1549,390
1549,2274
1549,2275
1550,90
1550,390
1550,2024
1551,544
1551,260
1551,212
1552,1293
1552,841
1552,1644
1553,61
1553,119
1553,1797
1554,2276
1554,2277
1554,2278
1555,2279
1555,1326
1555,39
1556,448
1556,2280
1556,2281
1557,2282
1557,1108
1557,1144
1558,146
1558,1050
1558,2283
1559,118
1560,128
1560,895
1560,2128
1561,3
1561,2284
1561,271
1562,1
1562,107
1562,135
1563,3
1563,2260
1563,670
1564,2285
1564,2286
1564,2287
1565,2288
1565,2289
1565,2290
1566,260
1566,125
1566,2291
1567,876
1567,2292
1567,2293
1568,2294
1568,2295
1568,1964
1569,2088
1569,2296
1569,827
1570,1228
1570,858
1570,774
1571,2297
1571,2298
1571,2299
1572,2300
1572,2301
1572,2302
1573,2303
1573,2304
1573,2305
1574,467
1574,47
1574,679
1575,27
1575,99
1575,1301
1576,399
1576,483
1576,161
1577,96
1577,2306
1577,2307
1578,481
1578,1334
1578,883
1579,1688
1579,223
1579,793
1580,2308
1580,46
1580,2309
1581,1238
1581,382
1581,2310
1582,2311
1582,2312
1582,2313
1583,33
1583,221
1583,1169
1584,225
1584,710
1584,65
1585,546
1585,2031
1585,740
1586,2314
1586,2315
1586,2316
1587,497
1587,547
1587,2317
1588,2318
1588,1939
1588,643
1589,2319
1589,2320
1589,377
1590,2321
1590,2322
1590,2323
1591,2324
1591,1710
1591,1182
1592,159
1592,232
1592,2325
1593,608
1593,16
1593,1323
1594,2326
1594,153
1594,1208
1595,2327
1595,2328
1595,2329
1596,466
1596,2330
1596,2331
1597,609
1597,190
1597,1292
1598,2332
1598,1368
1598,2333
1599,373
1599,710
1599,514
1600,2334
1600,2335
1600,1233
1601,211
1601,2336
1601,380
1602,118
1603,550
1603,2337
1603,2338
1604,118
1605,118
1606,118
1607,118
1608,118
1609,2339
1609,1274
1609,2340
1610,118
1611,118
1612,2341
1612,2167
1612,2342
1613,118
1614,118
1615,2343
1615,2344
1615,2345
1616,97
1616,2346
1616,2347
1617,56
1617,70
1617,451
1618,202
1618,2348
1618,20
1619,211
1619,340
1619,72
1620,2349
1621,961
1621,2350
1621,2351
1622,591
1622,101
1622,58
1623,701
1623,55
1623,142
1624,385
1624,2352
1624,2353
1625,485
1625,771
1625,2354
1626,2319
1626,2320
1626,377
1627,211
1627,2336
1627,380
1628,593
1628,2355
1628,2356
1629,579
1629,547
1629,385
1630,211
1630,162
1630,67
1631,467
1631,381
1631,240
1632,1326
1632,497
1632,2357
1633,36
1633,1228
1633,244
1634,357
1634,1586
1634,1212
1635,1656
1635,2358
1635,2235
1636,2359
1636,2360
1636,2361
1637,219
1637,46
1637,1195
1638,1226
1638,1703
1638,2362
1639,2363
1639,2364
1639,849
1640,1035
1640,660
1640,2110
1641,2365
1641,372
1641,67
1642,142
1642,1657
1642,2366
1643,348
1643,360
1643,2327
1644,73
1644,91
1644,452
1645,857
1645,1426
1645,2367
1646,1035
1646,660
1646,2110
1647,1167
1647,2317
1647,221
1648,118
1649,118
1650,118
1651,381
1651,84
1651,1257
1652,2368
1652,466
1652,918
1653,447
1653,452
1653,2369
1654,626
1654,621
1654,2370
1655,90
1655,2371
1655,205
1656,12
1656,2372
1656,734
1657,69
1657,544
1657,1421
1658,407
1658,1233
1658,2373
1659,7
1659,6
1659,2374
1660,1935
1660,2375
1660,2047
1661,373
1661,2129
1661,2376
1662,73
1662,1839
1662,142
1663,715
1663,1112
1663,2377
1664,2219
1664,2378
1664,2379
1665,2380
1665,2381
1665,807
1666,265
1666,307
1666,1143
1667,2382
1667,890
1667,2383
1668,710
1668,995
1668,2384
1669,2385
1669,2386
1669,1264
1670,2072
1670,2073
1670,2074
1671,2387
1671,2388
1671,2389
1672,162
1672,1579
1672,479
1673,609
1673,2390
1673,2391
1674,2392
1674,2393
1674,2394
1675,155
1675,2395
1675,2396
1676,2397
1676,2398
1676,2399
1677,42
1677,409
1677,462
1678,290
1678,1016
1678,2400
1679,2401
1679,2402
1679,2403
1680,2404
1680,214
1680,2405
1681,2406
1681,2407
1681,2408
1682,455
1682,391
1682,2224
1683,410
1683,2409
1683,662
1684,396
1684,2410
1684,2411
1685,128
1685,2412
1685,2413
1686,1137
1686,1109
1686,2414
1687,2262
1687,2415
1687,100
1688,369
1688,495
1688,2416
1689,465
1689,2417
1689,2418
1690,118
1691,2419
1691,2420
1691,2421
1692,75
1692,76
1692,77
1693,118
1694,118
1695,118
1696,118
1697,118
1698,118
1699,2422
1699,659
1699,2423
1700,118
1701,118
1702,118
1703,118
1704,118
1705,118
1706,118
1707,231
1707,2071
1707,614
1708,161
1708,2424
1708,357
1709,969
1709,2425
1709,2426
1710,2427
1710,931
1710,227
1711,2428
1711,2429
1711,2430
1712,30
1712,547
1712,1313
1713,2431
1713,2432
1713,2433
1714,18
1714,1323
1714,1058
1715,2243
1715,2434
1715,2435
1716,579
1716,70
1716,37
1717,2436
1717,2437
1717,1693
1718,1730
1718,1377
1718,2438
1719,2439
1719,2172
1719,2440
1720,2441
1720,2442
1720,2443
1721,2444
1721,2445
1721,2446
1722,661
1722,1288
1722,393
1723,2447
1723,2448
1723,2449
1724,2450
1724,2451
1724,437
1725,2452
1725,2453
1725,2454
1726,185
1726,891
1726,2373
1727,770
1727,242
1727,2219
1728,2455
1728,2335
1728,749
1729,2247
1729,2456
1729,2457
1730,2049
1730,2458
1730,2459
1731,242
1731,1689
1731,1652
1732,179
1732,57
1732,1122
1733,2460
1733,2461
1733,2462
1734,2463
1734,2464
1734,2465
1735,72
1735,793
1735,2047
1736,2124
1736,75
1736,2372
1737,90
1737,1167
1737,670
1738,285
1738,923
1738,45
1739,362
1739,581
1739,2466
1740,4
1740,1320
1740,2467
1741,2468
1741,2469
1741,2470
1742,2471
1742,2472
1742,2473
1743,731
1743,244
1743,307
1744,2474
1744,2475
1744,2476
1745,2477
1745,2478
1745,2479
1746,2480
1746,2481
1746,2482
1747,2483
1747,2484
1747,2485
1748,2486
1748,1521
1748,2487
1749,2488
1749,2489
1749,2490
1750,2491
1750,2492
1750,2493
1751,2494
1751,1453
1751,2495
1752,1504
1752,1510
1752,2496
1753,1531
1753,2497
1753,2498
1754,1518
1754,1438
1754,1517
1755,1930
1755,1615
1755,2499
1756,2500
1756,1930
1756,2501
1757,2502
1757,2503
1757,2504
1758,1493
1758,1617
1758,2505
1759,1510
1759,1546
1759,2506
1760,1472
1760,1612
1760,1535
1761,2507
1761,2508
1761,2509
1762,2510
1762,2511
1762,2512
1763,1438
1763,1857
1763,2513
1764,2514
1764,2515
1764,1676
1765,513
1765,2516
1765,1824
1766,1032
1766,2517
1766,2518
1767,1691
1767,2519
1767,2520
1768,486
1768,2521
1768,2522
1769,2001
1769,2523
1769,2017
1770,2024
1770,1965
1770,2524
1771,2525
1771,2526
1771,2527
1772,608
1772,1110
1772,2528
1773,58
1773,2016
1773,2529
1774,64
1774,2530
1774,1962
1775,608
1775,274
1775,2531
1776,514
1776,2532
1776,2533
1777,118
1778,118
1779,118
1780,118
1781,118
1782,118
1783,118
1784,118
1785,118
1786,118
1787,118
1788,118
1789,118
1790,118
1791,118
1792,118
1793,118
1794,118
1795,2534
1795,2535
1795,2536
1796,2537
1796,2538
1796,2539
1797,528
1797,2540
1797,2541
1798,2542
1798,2543
1798,2211
1799,2544
1799,2545
1799,2546
1800,2547
1800,2548
1800,2549
1801,2550
1801,2551
1801,2552
1802,1425
1802,748
1802,2553
1803,748
1803,1425
1803,2554
1804,2555
1804,2556
1804,2557
1805,1425
1805,2558
1805,2559
1806,1425
1806,2559
1806,2558
1807,33
1807,748
1807,2560
1808,2561
1808,571
1808,2562
1809,33
1809,748
1809,2560
1810,2561
1810,571
1810,2562
1811,2563
1811,938
1811,2564
1812,2564
1812,1948
1812,2565
1813,2566
1813,2567
1813,2568
1814,2084
1814,2569
1814,2570
1815,2084
1815,2570
1815,2569
1816,2569
1816,826
1816,910
1817,120
1817,2189
1817,2571
1818,2572
1818,2571
1818,1371
1819,1194
1819,2573
1819,2325
1820,285
1820,923
1820,517
1821,285
1821,923
1821,45
1822,285
1822,923
1822,45
1823,2574
1823,994
1823,2575
1824,2574
1824,994
1824,2576
1825,921
1825,2577
1825,2578
1826,50
1826,39
1826,2579
1827,338
1827,126
1827,914
1828,2580
1828,2581
1828,2582
1829,1857
1829,2583
1829,2584
1830,2585
1830,2586
1830,2587
1831,364
1831,212
1831,1891
1832,364
1832,212
1832,66
1833,58
1833,1032
1833,1271
1834,2588
1834,288
1834,2589
1835,1463
1835,2590
1835,2591
1836,2592
1836,1604
1836,233
1837,1480
1837,2593
1837,2594
1838,2595
1838,2596
1838,2597
1839,2598
1839,2599
1839,2600
1840,738
1840,240
1840,87
1841,450
1841,441
1841,2601
1842,688
1842,178
1842,2023
1843,15
1843,13
1843,210
1844,952
1844,2247
1844,2602
1845,381
1845,2603
1845,588
1846,2604
1846,2605
1846,745
1847,2195
1847,2414
1847,848
1848,0
1848,2260
1848,379
1849,2606
1849,2607
1849,2608
1850,1608
1850,2609
1850,2610
1851,653
1851,2610
1851,2611
1852,2612
1852,2613
1852,2614
1853,2253
1853,1848
1853,2310
1854,2615
1854,1608
1854,2616
1855,2617
1855,2618
1855,797
1856,288
1856,1514
1856,1560
1857,2619
1857,2609
1857,2611
1858,2620
1858,2621
1858,2622
1859,653
1859,2623
1859,2610
1860,2624
1860,2625
1860,2626
1861,804
1861,2627
1861,2628
1862,2629
1862,2630
1862,389
1863,1920
1863,2631
1863,2632
1864,752
1864,2434
1864,2291
1865,2633
1865,2634
1865,2635
1866,2636
1866,2637
1866,2638
1867,2639
1867,2640
1867,2641
1868,2636
1868,2637
1868,2638
1869,1608
1869,1604
1869,1611
1870,1608
1870,1604
1870,1611
1871,1367
1871,305
1871,1359
1872,193
1872,2642
1872,2643
1873,193
1873,168
1873,2642
1874,2644
1874,500
1874,2645
1875,1614
1875,2646
1875,1497
1876,2647
1876,2648
1876,2649
1877,382
1877,125
1877,203
1878,2650
1878,454
1878,594
1879,2651
1879,2652
1879,2653
1880,2654
1880,2655
1880,2656
1881,508
1881,618
1881,2657
1882,2658
1882,2659
1882,2660
1883,2661
1883,2662
1883,2663
1884,442
1884,1577
1884,1595
1885,1665
1885,2664
1885,1625
1886,2665
1886,2031
1886,2666
1887,2667
1887,2668
1887,2669
1888,2670
1888,1972
1888,2671
1889,118
1890,118
1891,118
1892,118
1893,118
1894,118
1895,118
1896,118
1897,118
1898,118
1899,118
1900,118
1901,118
1902,1932
1902,2672
1902,2673
1903,2674
1903,265
1903,448
1904,2352
1904,2675
1904,2676
1905,66
1905,2677
1905,1933
1906,2678
1906,2679
1906,2680
1907,3
1907,1177
1907,2681
1908,2682
1908,1067
1908,365
1909,2682
1909,1067
1909,2670
1910,1495
1910,2683
1910,2684
1911,390
1911,288
1911,2685
1912,1227
1912,2686
1912,2687
1913,2688
1913,1208
1913,550
1914,1608
1914,2616
1914,2592
1915,2689
1915,2690
1915,1630
1916,2691
1916,99
1916,2692
1917,1463
1917,2590
1917,2591
1918,2693
1918,2678
1918,2694
1919,0
1919,462
1919,2695
1920,2463
1920,1818
1920,2696
1921,2697
1921,2698
1921,2699
1922,39
1922,678
1922,2577
1923,244
1923,2700
1923,818
1924,225
1924,2701
1924,2702
1925,1408
1925,2674
1925,668
1926,748
1926,2703
1926,2704
1927,12
1927,2705
1927,1093
1928,12
1928,2706
1928,2707
1929,12
1929,2708
1929,2709
1930,12
1930,427
1930,2702
1931,923
1931,1683
1931,12
1932,2710
1932,2711
1932,1950
1933,2712
1933,244
1933,963
1934,18
1934,552
1934,2713
1935,2714
1935,2715
1935,2716
1936,485
1936,2572
1936,2717
1937,211
1937,2718
1937,826
1938,804
1938,2719
1938,2720
1939,2189
1939,154
1939,2006
1940,1670
1940,2721
1940,2722
1941,2723
1941,1012
1941,2724
1942,1081
1942,1267
1942,2725
1943,204
1943,769
1943,212
1944,417
1944,204
1944,2726
1945,69
1945,712
1945,1972
1946,2366
1946,2064
1946,293
1947,1734
1947,2065
1947,2727
1948,2728
1948,2729
1948,2730
1949,2514
1949,101
1949,2731
1950,1436
1950,2732
1950,2733
1951,1505
1951,2572
1951,2734
1952,70
1952,2735
1952,2620
1953,2736
1953,2737
1953,2738
1954,1470
1954,2739
1954,2740
1955,2741
1955,2742
1955,2743
1956,1441
1956,2744
1956,2745
1957,485
1957,249
1957,2746
1958,2747
1958,1853
1958,1081
1959,2748
1959,2749
1959,2750
1960,1081
1960,1910
1960,2751
1961,1438
1961,1682
1961,1078
1962,545
1962,746
1962,279
1963,1168
1963,2736
1963,2752
1964,1168
1964,2753
1964,1933
1965,76
1965,2754
1965,516
1966,462
1966,2755
1966,814
1967,2756
1967,2757
1967,2758
1968,2759
1968,2760
1968,2761
1969,2762
1969,2763
1969,2764
1970,2762
1970,2765
1970,2766
1971,2193
1971,851
1971,2592
1972,458
1972,612
1972,389
1973,10
1973,2767
1973,426
1974,2396
1974,550
1974,2768
1975,1805
1975,2769
1975,2770
1976,759
1976,469
1976,479
1977,2771
1977,2772
1977,2773
1978,2259
1978,2774
1978,2775
1979,442
1979,2776
1979,2777
1980,2778
1980,2779
1980,2780
1981,2781
1981,2782
1981,2783
1982,2784
1982,2785
1982,2786
1983,2787
1983,2788
1983,2789
1984,1312
1984,2196
1984,307
1985,1656
1985,1323
1985,2104
1986,55
1986,751
1986,2223
1987,1043
1987,2790
1987,2223
1988,118
1989,33
1989,2791
1989,2738
1990,118
1991,4
1991,2792
1991,2117
1992,2793
1992,2794
1992,2795
1993,118
1994,1286
1994,163
1994,1247
1995,118
1996,118
1997,118
1998,118
1999,118
2000,118
2001,1736
2001,1849
2001,2796
2002,1438
2002,2797
2002,2798
2003,2799
2003,1462
2003,2800
2004,2515
2004,1496
2004,2516
2005,2801
2005,2802
2005,2803
2006,722
2006,1617
2006,2804
2007,2427
2007,377
2007,1228
2008,2805
2008,2806
2008,2807
2009,311
2009,1593
2009,2288
2010,2808
2010,2809
2010,2810
2011,2811
2011,2812
2011,2813
2012,17
2012,841
2012,2814
2013,481
2013,389
2013,16
2014,2815
2014,2816
2014,2817
2015,24
2015,349
2015,2288
2016,286
2016,163
2016,2818
2017,2819
2017,2820
2017,2821
2018,1436
2018,1457
2018,2822
2019,1472
2019,2823
2019,2494
2020,2824
2020,2825
2020,1538
2021,2501
2021,1457
2021,2826
2022,1890
2022,1694
2022,2827
2023,118
2024,1437
2024,2828
2024,2829
2025,1615
2025,2830
2025,2494
2026,2831
2026,2832
2026,1253
2027,2833
2027,2834
2027,2835
2028,2836
2028,2837
2028,2838
2029,1918
2029,1544
2029,1664
2030,2839
2030,2840
2030,1878
2031,2800
2031,2841
2031,2842
2032,2843
2032,2844
2032,2845
2033,2846
2033,1453
2033,1534
2034,2847
2034,2848
2034,2849
2035,2850
2035,2851
2035,2503
2036,2852
2036,2853
2036,2854
2037,2855
2037,2856
2037,2850
2038,2857
2038,2858
2038,2859
2039,2860
2039,2861
2039,2862
2040,2860
2040,2861
2040,2862
2041,2260
2041,1077
2041,2863
2042,2864
2042,2865
2042,2866
2043,2867
2043,36
2043,191
2044,305
2044,850
2044,1620
2045,959
2045,378
2045,2868
2046,2368
2046,466
2046,918
2047,839
2047,514
2047,2358
2048,2869
2048,2529
2048,2870
2049,2869
2049,2871
2049,2872
2050,2873
2050,2874
2050,244
2051,2029
2051,2754
2051,516
2052,748
2052,2712
2052,465
2053,452
2053,927
2053,62
2054,2875
2054,2876
2054,266
2055,588
2055,18
2055,61
2056,800
2056,1933
2056,2877
2057,87
2057,205
2057,2878
2058,260
2058,2879
2058,1325
2059,12
2059,193
2059,266
2060,847
2060,804
2060,947
2061,2880
2061,266
2061,1644
2062,608
2062,41
2062,210
2063,3
2063,750
2063,266
2064,2881
2064,2882
2064,2883
2065,1913
2065,2884
2065,2885
2066,2886
2066,76
2066,2887
2067,2753
2067,76
2067,2758
2068,1743
2068,2888
2068,2889
2069,118
2070,804
2070,76
2070,826
2071,118
2072,118
2073,118
2074,118
2075,118
2076,118
2077,118
2078,118
2079,118
2080,118
2081,118
2082,290
2082,176
2082,2890
2083,2891
2083,2892
2083,2893
2084,2111
2084,2223
2084,2023
2085,2327
2085,1415
2085,2894
2086,16
2086,610
2086,1645
2087,1268
2087,2895
2087,2896
2088,2104
2088,1656
2088,739
2089,162
2089,864
2089,2897
2090,573
2090,75
2090,336
2091,1943
2091,240
2091,734
2092,2898
2092,2899
2092,2900
2093,1551
2093,1552
2093,1553
2094,1245
2094,582
2094,1610
2095,2901
2095,2800
2095,2902
2096,653
2096,2903
2096,2904
2097,543
2097,487
2097,2905
2098,128
2098,2906
2098,1485
2099,234
2099,119
2099,601
2100,1426
2100,1009
2100,752
2101,32
2101,2907
2101,2908
2102,128
2102,44
2102,58
2103,2909
2103,404
2103,2910
2104,2911
2104,2912
2104,2913
2105,3
2105,866
2105,891
2106,2914
2106,1317
2106,2915
2107,1245
2107,1554
2107,2916
2108,2917
2108,1673
2108,2918
2109,34
2109,909
2109,1081
2110,45
2110,603
2110,963
2111,463
2111,1714
2111,2919
2112,1853
2112,2920
2112,898
2113,2921
2113,2922
2113,2923
2114,242
2114,868
2114,2151
2115,2924
2115,2925
2115,2926
2116,2927
2116,2928
2116,2929
2117,2930
2117,2931
2117,2932
2118,2933
2118,2934
2118,44
2119,2016
2119,2935
2119,582
2120,452
2120,2936
2120,1275
2121,39
2121,485
2121,121
2122,2937
2122,923
2122,2938
2123,602
2123,2325
2123,2386
2124,161
2124,616
2124,1114
2125,774
2125,404
2125,552
2126,2939
2126,1062
2126,2940
2127,116
2127,22
2127,2941
2128,2942
2128,1577
2128,40
2129,653
2129,718
2129,2943
2130,2944
2131,2808
2131,2809
2131,2810
2132,2651
2132,2653
2132,2945
2133,2946
2133,2947
2133,2948
2134,2949
2134,2950
2134,190
2135,652
2135,2951
2135,863
2136,1077
2136,573
2136,878
2137,3
2137,1272
2137,1273
2138,62
2138,60
2138,1592
2139,2952
2139,2953
2139,2954
2140,116
2140,801
2140,2792
2141,373
2141,90
2141,31
2142,270
2142,1195
2142,2955
2143,2956
2143,1984
2143,660
2144,661
2144,2957
2144,2674
2145,2243
2145,2958
2145,2959
2146,21
2146,2960
2146,2961
2147,92
2147,39
2147,2962
2148,274
2148,750
2148,2963
2149,2964
2149,2965
2149,2966
2150,715
2150,2192
2150,2967
2151,1110
2151,1342
2151,842
2152,1110
2152,2084
2152,2968
2153,1856
2153,2969
2153,2970
2154,1342
2154,2103
2154,462
2155,447
2155,2971
2155,2972
2156,37
2156,2973
2156,1932
2157,37
2157,373
2157,2971
2158,2974
2158,2975
2158,2976
2159,959
2159,738
2159,868
2160,756
2160,58
2160,1110
2161,2346
2161,98
2161,2977
2162,125
2162,1139
2162,2128
2163,73
2163,895
2163,467
2164,2978
2164,2979
2164,2980
2165,454
2165,931
2165,2981
2166,2982
2166,2983
2166,2032
2167,2984
2167,2985
2167,2986
2168,2987
2168,2988
2168,2989
2169,118
2170,118
2171,118
2172,118
2173,118
2174,118
2175,118
2176,118
2177,118
2178,118
2179,118
2180,118
2181,737
2181,2990
2181,2758
2182,0
2182,1007
2182,2991
2183,1202
2183,211
2183,2992
2184,2993
2184,2994
2184,2995
2185,108
2185,2996
2185,850
2186,108
2186,2997
2186,2998
2187,108
2187,2997
2187,2998
2188,108
2188,2997
2188,2999
2189,2997
2189,2998
2189,2999
2190,2997
2190,2998
2190,2999
2191,97
2191,2346
2191,2347
2192,417
2192,261
2192,939
2193,3000
2193,3001
2193,960
2194,190
2194,488
2194,731
2195,3002
2195,3003
2195,992
2196,1656
2196,1323
2196,65
2197,1642
2197,3004
2197,1932
2198,821
2198,1167
2198,38
2199,737
2199,2151
2199,2363
2200,682
2200,1982
2200,1983
2201,17
2201,458
2201,87
2202,3005
2202,1293
2202,3006
2203,547
2203,3007
2203,1984
2204,118
2205,2800
2205,1615
2205,3008
2206,3009
2206,2935
2206,3010
2207,940
2207,3011
2207,1963
2208,273
2208,3012
2208,3013
2209,64
2209,2791
2209,3014
2210,64
2210,693
2210,2791
2211,64
2211,2791
2211,3015
2212,30
2212,427
2212,60
2213,30
2213,427
2213,60
2214,3016
2214,2903
2214,3017
2215,3016
2215,2903
2215,858
2216,64
2216,2530
2216,1962
2217,64
2217,2530
2217,1962
2218,64
2218,2530
2218,1962
2219,64
2219,2530
2219,1962
2220,1750
2220,279
2220,586
2221,3018
2221,3019
2221,3020
2222,1276
2222,1683
2222,2006
2223,3021
2223,2227
2223,1962
2224,274
2224,202
2224,1577
2225,0
2225,3022
2225,1460
2226,585
2226,2209
2226,703
2227,963
2227,893
2227,70
2228,893
2228,963
2228,3023
2229,963
2229,893
2229,3024
2230,584
2230,878
2230,180
2231,0
2231,544
2231,20
2232,2049
2232,1802
2232,3025
2233,296
2233,73
2233,3026
2234,3027
2234,102
2234,546
2235,3028
2235,3029
2235,3030
2236,821
2236,1576
2236,495
2237,3031
2237,3032
2237,3033
2238,3
2238,3034
2238,2358
2239,239
2239,101
2239,154
2240,219
2240,448
2240,2047
2241,703
2241,216
2241,3035
2242,102
2242,125
2242,127
2243,1360
2243,1094
2243,834
2244,3036
2244,255
2244,1247
2245,2310
2245,3037
2245,820
2246,546
2246,1276
2246,3038
2247,652
2247,588
2247,1332
2248,839
2248,56
2248,323
2249,1980
2249,3039
2249,3040
2250,2456
2250,120
2250,389
2251,37
2251,3041
2251,3042
2252,17
2252,129
2252,1709
2253,31
2253,142
2253,3043
2254,3044
2254,1110
2254,3045
2255,748
2255,514
2255,181
2256,2740
2256,2026
2256,3046
2257,1891
2257,375
2257,543
2258,751
2258,3047
2258,3048
2259,751
2259,3047
2259,3048
2260,2621
2260,3049
2260,2006
2261,3050
2261,3051
2261,2639
2262,868
2262,41
2262,3052
2263,185
2263,3053
2263,3054
2264,909
2264,1935
2264,3055
2265,118
2266,3056
2266,3057
2266,3058
2267,483
2267,3059
2267,3060
2268,3061
2268,3062
2268,3063
2269,1035
2269,1326
2269,3064
2270,118
2271,118
2272,118
2273,118
2274,118
2275,118
2276,118
2277,118
2278,118
2279,118
2280,118
2281,118
2282,2016
2282,8
2282,942
2283,273
2283,1739
2283,473
2284,3065
2284,3066
2284,3067
2285,12
2285,584
2285,14
2286,44
2286,3068
2286,434
2287,958
2287,1998
2287,3069
2288,92
2288,39
2288,2962
2289,1702
2289,280
2289,3070
2290,3071
2290,3072
2290,3073
2291,3074
2291,27
2291,3075
2292,2958
2292,3076
2292,418
2293,717
2293,3077
2293,3078
2294,3079
2294,3080
2294,3081
2295,3082
2295,3083
2295,3084
2296,285
2296,3085
2296,3086
2297,2244
2297,67
2297,1693
2298,748
2298,2703
2298,2704
2299,1583
2299,3087
2299,3088
2300,407
2300,1233
2300,2373
2301,3089
2301,3090
2301,3091
2302,801
2302,110
2302,211
2303,481
2303,711
2303,591
2304,212
2304,1577
2304,1570
2305,3092
2305,521
2306,384
2306,2896
2306,3093
2307,3094
2307,1316
2307,867
2308,118
2309,3095
2309,3096
2309,3097
2310,670
2310,3098
2310,2332
2311,69
2311,2104
2311,932
2312,180
2312,13
2312,2064
2313,90
2313,546
2313,486
2314,45
2314,2107
2314,714
2315,210
2315,474
2315,3099
2316,1920
2316,3100
2316,1246
2317,3101
2317,3102
2317,3103
2318,1070
2318,3104
2318,3105
2319,573
2319,3106
2319,1895
2320,3107
2320,3108
2320,571
2321,3109
2321,2294
2321,3110
2322,3111
2322,2233
2322,3112
2323,2955
2323,737
2323,1007
2324,2639
2324,3113
2324,3114
2325,2514
2325,3115
2325,736
2326,1857
2326,1714
2326,736
2327,7
2327,3116
2327,1457
2328,2734
2328,3117
2328,3118
2329,591
2329,1883
2329,1031
2330,2310
2330,3119
2330,3120
2331,389
2331,1691
2331,2516
2332,3121
2332,3122
2332,642
2333,2119
2333,1948
2333,3123
2334,1857
2334,3124
2334,1712
2335,3125
2335,1712
2335,3126
2336,3124
2336,3127
2336,3128
2337,3124
2337,3129
2337,3130
2338,3124
2338,1712
2338,3131
2339,1506
2339,442
2339,2310
2340,1857
2340,3132
2340,736
2341,1131
2341,3133
2341,1737
2342,1932
2342,152
2342,3134
2343,3135
2343,3136
2343,3137
2344,16
2344,1935
2344,859
2345,1845
2345,1137
2345,3138
2346,2244
2346,2427
2346,752
2347,2240
2347,3139
2347,3140
2348,3141
2348,2949
2348,2165
2349,1173
2349,3142
2349,2659
2350,3143
2350,602
2350,3144
2351,87
2351,1266
2351,426
2352,3145
2352,3146
2352,3147
2353,2958
2353,418
2353,2068
2354,1509
2354,3148
2354,3149
2355,381
2355,1362
2355,3150
2356,3151
2356,3152
2356,3153
2357,118
2358,3154
2358,3155
2358,3156
2359,118
2360,118
2361,3157
2361,3158
2361,3159
2362,118
2363,118
2364,118
2365,118
2366,118
2367,118
2368,118
2369,3160
2369,3161
2369,3162
2370,118
2371,338
2371,713
2371,2064
2372,861
2372,3039
2372,3163
2373,1272
2373,1313
2373,3164
2374,118
2375,3165
2375,1229
2375,206
2376,2256
2376,2257
2376,2258
2377,12
2377,1366
2377,1682
2378,1432
2378,3166
2378,496
2379,3167
2379,3168
2379,1998
2380,2674
2380,3169
2380,1980
2381,3170
2381,3171
2381,3172
2382,3173
2382,3174
2382,3175
2383,2301
2383,2195
2383,3176
2384,417
2384,774
2384,3177
2385,290
2385,1257
2385,3178
2386,738
2386,65
2386,1270
2387,3179
2387,3180
2387,3181
2388,3182
2388,3183
2388,3184
2389,323
2389,63
2389,503
2390,242
2390,757
2390,3185
2391,165
2391,3186
2391,3187
2392,47
2392,3188
2392,253
2393,1726
2393,3189
2393,3190
2394,101
2394,3191
2394,3192
2395,3193
2395,3194
2395,3195
2396,3196
2396,3197
2396,3198
2397,418
2397,3199
2397,2968
2398,232
2398,286
2398,3200
2399,260
2399,1167
2399,2956
2400,724
2400,752
2400,3201
2401,255
2401,136
2401,2300
2402,3202
2402,1846
2402,3203
2403,389
2403,2579
2403,1122
2404,118
2405,118
2406,1387
2406,3204
2406,3205
2407,3206
2407,3207
2407,3208
2408,3209
2408,3210
2408,3211
2409,3212
2409,3213
2409,3214
2410,2490
2410,3215
2410,3216
2411,1701
2411,3217
2411,3218
2412,3217
2412,3219
2412,3220
2413,2233
2413,3221
2413,1113
2414,577
2414,1809
2414,15
2415,801
2415,1377
2415,2270
2416,3222
2416,3223
2416,3224
2417,2879
2417,568
2417,2173
2418,456
2418,903
2418,355
2419,3225
2419,3226
2419,3227
2420,1683
2420,87
2420,2340
2421,3228
2421,3229
2421,3230
2422,52
2422,154
2422,371
2423,3231
2423,3232
2423,3233
2424,3234
2424,3235
2424,3236
2425,3237
2425,3238
2425,3239
2426,661
2426,593
2426,611
2427,552
2427,3240
2427,2215
2428,237
2428,468
2428,3241
2429,3242
2429,3243
2429,3244
2430,3245
2430,3246
2430,3247
2431,3248
2431,3249
2431,3250
2432,3251
2432,2683
2432,3252
2433,3253
2433,3254
2433,3255
2434,3253
2434,3256
2434,3257
2435,3258
2435,3259
2435,3260
2436,3253
2436,3258
2436,3261
2437,229
2437,3262
2437,3263
2438,691
2438,1964
2438,58
2439,58
2439,691
2439,1964
2440,691
2440,1074
2440,1964
2441,691
2441,58
2441,1964
2442,3264
2442,3265
2442,3250
2443,3251
2443,2683
2443,3266
2444,3267
2444,3256
2444,3253
2445,3248
2445,3253
2445,3268
2446,3269
2446,3270
2446,3248
2447,3248
2447,3271
2447,3264
2448,2829
2448,3253
2448,1513
2449,118
2450,118
2451,118
2452,1519
2452,3272
2452,3253
2453,118
2454,118
2455,118
2456,3273
2456,3274
2456,3275
2457,118
2458,118
2459,118
2460,118
2461,118
2462,118
2463,118
2464,3276
2464,3277
2464,1743
2465,3278
2465,3279
2465,3280
2466,3281
2466,1741
2466,3282
2467,1472
2467,3283
2467,3284
2468,1453
2468,2514
2468,2816
2469,436
2469,239
2469,3285
2470,2410
2470,2863
2470,1985
2471,1834
2471,3286
2471,3287
2472,71
2472,2068
2472,3288
2473,720
2473,3289
2473,3197
2474,39
2474,866
2474,514
2475,3290
2475,3291
2475,3292
2476,3098
2476,3293
2476,3294
2477,2194
2477,3295
2477,3296
2478,3297
2478,2392
2478,683
2479,580
2479,170
2479,3298
2480,2118
2480,1657
2480,2119
2481,3299
2481,3300
2481,3301
2482,992
2482,3302
2482,3303
2483,443
2483,508
2483,3304
2484,219
2484,91
2484,96
2485,426
2485,1367
2485,3
2486,2340
2486,65
2486,3305
2487,49
2487,1269
2487,3306
2488,3307
2488,3308
2488,3309
2489,3104
2489,3310
2489,3311
2490,270
2490,2235
2490,3312
2491,703
2491,72
2491,93
2492,1098
2492,3313
2492,3314
2493,118
2494,1577
2494,71
2494,710
2495,2651
2495,2652
2495,1290
2496,756
2496,1683
2496,73
2497,470
2497,2165
2497,129
2498,919
2498,3146
2498,3315
2499,633
2499,3316
2499,3317
2500,3318
2500,1726
2500,3319
2501,3320
2501,3201
2501,553
2502,225
2502,543
2502,266
2503,3321
2503,3322
2503,3323
2504,3324
2504,3325
2504,1316
2505,3326
2505,3327
2505,387
2506,92
2506,1077
2506,2418
2507,545
2507,616
2507,919
2508,38
2508,265
2508,2909
2509,3328
2509,713
2509,3329
2510,1189
2510,377
2510,2164
2511,1293
2511,1091
2511,61
2512,1293
2512,1091
2512,61
2513,4
2513,2263
2513,484
2514,593
2514,2579
2514,262
2515,724
2515,2340
2515,3330
2516,3331
2516,3332
2516,3333
2517,2164
2517,2068
2517,382
2518,307
2518,739
2518,1051
2519,239
2519,390
2519,266
2520,3334
2520,3335
2520,3336
2521,1246
2521,3337
2521,3338
2522,3339
2522,3340
2522,3341
2523,1625
2523,2507
2523,2508
2524,1461
2524,1271
2524,3342
2525,1143
2525,3343
2525,1828
2526,3344
2526,3345
2526,3346
2527,3347
2527,3348
2527,3349
2528,3350
2528,868
2528,3351
2529,18
2529,582
2529,1876
2530,242
2530,3352
2530,1049
2531,3353
2531,1700
2531,3354
2532,1832
2532,3355
2532,3356
2533,13
2533,579
2533,1276
2534,923
2534,426
2534,2937
2535,1965
2535,1712
2535,3357
2536,390
2536,1017
2536,536
2537,957
2537,1794
2537,958
2538,877
2538,692
2538,3358
2539,3359
2539,3360
2539,3361
2540,16
2540,381
2540,3362
2541,193
2541,1409
2541,3363
2542,3364
2542,3365
2542,3366
2543,3367
2543,44
2543,114
2544,1164
2544,225
2544,769
2545,442
2545,601
2545,3368
2546,969
2546,3369
2546,3370
2547,1007
2547,1367
2547,269
2548,118
2549,3371
2549,3372
2549,3373
2550,118
2551,118
2552,118
2553,118
2554,118
2555,1137
2555,579
2555,710
2556,118
2557,118
2558,118
2559,118
2560,118
2561,118
2562,118
2563,3374
2563,3375
2563,3376
2564,1137
2564,2104
2564,1576
2565,12
2565,242
2565,1657
2566,338
2566,1233
2566,265
2567,573
2567,3377
2567,3378
2568,702
2568,426
2568,3379
2569,657
2569,3380
2569,3381
2570,3382
2570,3383
2570,3384
2571,629
2571,630
2571,3385
2572,3386
2572,3387
2572,3388
2573,842
2573,50
2573,435
2574,577
2574,1461
2574,2031
2575,2639
2575,1878
2575,3248
2576,2639
2576,3389
2576,3390
2577,2639
2577,1832
2577,3391
2578,2639
2578,3392
2578,3393
2579,2639
2579,3394
2579,3395
2580,2639
2580,3396
2580,3397
2581,1673
2581,3398
2581,1081
2582,417
2582,652
2582,3399
2583,1682
2583,1685
2583,1684
2584,1031
2584,3116
2584,3400
2585,793
2585,3401
2585,3402
2586,3403
2586,3404
2586,33
2587,3403
2587,3404
2587,848
2588,3240
2588,498
2588,3405
2589,118
2590,118
2591,584
2591,3406
2591,3407
2592,0
2592,425
2592,3408
2593,3409
2593,3410
2593,2816
2594,3410
2594,3409
2594,2816
2595,3411
2595,2347
2595,3412
2596,458
2596,2956
2596,3413
2597,285
2597,87
2597,653
2598,239
2598,373
2598,744
2599,3414
2599,3415
2599,500
2600,436
2600,482
2600,903
2601,582
2601,3416
2601,2605
2602,24
2602,3417
2602,3418
2603,24
2603,400
2603,1336
2604,3419
2604,501
2604,2237
2605,3420
2605,3421
2605,3422
2606,3423
2606,580
2606,2704
2607,713
2607,3424
2607,177
2608,2164
2608,2068
2608,382
2609,3425
2609,3426
2609,3427
2610,3066
2610,1344
2610,3428
2611,3066
2611,1344
2611,3428
2612,3066
2612,1344
2612,3428
2613,3066
2613,1344
2613,3428
2614,1688
2614,229
2614,3429
2615,2572
2615,3017
2615,3430
2616,3431
2616,3432
2616,3433
2617,389
2617,3434
2617,3435
2618,3436
2618,3437
2618,3438
2619,3439
2619,3440
2619,3441
2620,3442
2620,3443
2620,3444
2621,50
2621,3445
2621,3446
2622,1576
2622,234
2622,3447
2623,801
2623,305
2623,308
2624,927
2624,44
2624,474
2625,3448
2625,3449
2625,3450
2626,2816
2626,3451
2626,3452
2627,1795
2627,624
2627,3453
2628,3007
2628,2358
2628,2326
2629,866
2629,2357
2629,2995
2630,3454
2630,3455
2630,205
2631,3456
2631,3457
2631,54
2632,1998
2632,3458
2632,3459
2633,323
2633,126
2633,99
2634,36
2634,3460
2634,2627
2635,3461
2635,752
2635,2577
2636,3462
2636,3463
2636,3464
2637,262
2637,3465
2637,1987
2638,894
2638,407
2638,3466
2639,3467
2639,3009
2639,3468
2640,1437
2640,1518
2640,3469
2641,1488
2641,3470
2641,3471
2642,36
2642,268
2642,240
2643,3472
2643,3473
2643,3474
2644,585
2644,1625
2644,178
2645,3475
2645,3476
2645,3477
2646,211
2646,151
2646,3478
2647,3479
2647,3480
2647,3481
2648,118
2649,118
2650,118
2651,118
2652,118
2653,118
2654,118
2655,118
2656,118
2657,118
2658,3482
2658,3483
2658,3484
2659,517
2659,3485
2659,3486
2660,938
2660,3487
2660,3488
2661,3487
2661,3124
2661,3152
2662,1173
2662,624
2662,3489
2663,1688
2663,1164
2663,1456
2664,1110
2664,1267
2664,907
2665,3490
2665,582
2665,3491
2666,178
2666,129
2666,3492
2667,2797
2667,3493
2667,3494
2668,390
2668,288
2668,2685
2669,1028
2669,1029
2669,1030
2670,3495
2670,8
2670,2625
2671,2571
2671,3496
2671,2541
2672,290
2672,3497
2672,3498
2673,290
2673,3499
2673,3500
2674,918
2674,701
2674,515
2675,3
2675,300
2675,3501
2676,3502
2676,2092
2676,421
2677,455
2677,261
2677,3503
2678,2301
2678,1702
2678,3504
2679,3505
2679,1818
2679,1043
2680,2102
2680,3506
2680,3507
2681,118
2682,626
2682,1267
2682,2317
2683,179
2683,1137
2683,175
2684,434
2684,2065
2684,1051
2685,211
2685,688
2685,2339
2686,619
2686,393
2686,1399
2687,3508
2687,3509
2687,2660
2688,30
2688,288
2688,3510
2689,1031
2689,3118
2689,3511
2690,2613
2690,3512
2690,3513
2691,245
2691,1942
2691,2259
2692,3514
2692,3515
2692,3516
2693,3517
2693,3518
2693,3519
2694,3520
2694,3521
2694,3522
2695,1848
2695,1849
2695,818
2696,1848
2696,3262
2696,3523
2697,3260
2697,3524
2697,3525
2698,2598
2698,3526
2698,1842
2699,18
2699,223
2699,754
2700,3527
2700,2912
2700,3528
2701,894
2701,407
2701,3466
2702,3529
2702,3530
2702,3531
2703,3532
2703,3533
2703,3534
2704,1579
2704,2230
2704,3535
2705,3536
2705,2026
2705,3537
2706,70
2706,2196
2706,3538
2707,545
2707,842
2707,1071
2708,551
2708,44
2708,571
2709,452
2709,427
2709,2791
2710,724
2710,3539
2710,746
2711,285
2711,61
2711,1416
2712,3540
2712,3541
2712,352
2713,273
2713,3542
2713,3543
2714,273
2714,3544
2714,2719
2715,3545
2715,3546
2715,3547
2716,290
2716,3548
2716,3549
2717,631
2717,3550
2717,3551
2718,3552
2718,3553
2718,2987
2719,3554
2719,3555
2719,1471
2720,1293
2720,3556
2720,1921
2721,577
2721,13
2721,742
2722,3557
2722,3558
2722,3559
2723,3560
2723,3561
2723,3562
2724,390
2724,2718
2724,744
2725,351
2725,3563
2725,3564
2726,3565
2726,3566
2726,3567
2727,1526
2727,1736
2727,3568
2728,3425
2728,3569
2728,3570
2729,1454
2729,3425
2729,1468
2730,3571
2730,3572
2730,3573
2731,1464
2731,1457
2731,3574
2732,3469
2732,2014
2732,3575
2733,3401
2733,3576
2733,3577
2734,380
2734,941
2734,3578
2735,459
2735,1897
2735,3579
2736,3580
2736,1032
2736,1832
2737,1943
2737,3581
2737,3582
2738,3583
2738,3584
2738,3585
2739,389
2739,3586
2739,3587
2740,389
2740,2017
2740,3588
2741,118
2742,118
2743,118
2744,3589
2744,1201
2744,547
2745,118
2746,118
2747,118
2748,118
2749,118
2750,118
2751,118
2752,118
2753,118
2754,118
2755,3590
2755,1276
2755,3591
2756,3592
2756,3593
2756,3594
2757,389
2757,1177
2757,1682
2758,1861
2758,631
2758,3595
2759,1976
2759,1833
2759,3596
2760,2016
2760,579
2760,3597
2761,84
2761,3598
2761,3599
2762,1361
2762,128
2762,3600
2763,1109
2763,401
2763,658
2764,52
2764,60
2764,3601
2765,69
2765,323
2765,710
2766,588
2766,203
2766,3602
2767,1228
2767,2071
2767,519
2768,3603
2768,3604
2768,3605
2769,3606
2769,3607
2769,3608
2770,3609
2770,3610
2770,3611
2771,1932
2771,3612
2771,3613
2772,118
2773,118
2774,118
2775,37
2775,212
2775,3614
2776,3545
2776,2691
2776,3615
2777,1202
2777,1795
2777,3616
2778,2063
2778,3617
2778,3611
2779,1202
2779,3618
2779,1909
2780,3619
2780,3620
2780,302
2781,389
2781,3621
2781,3622
2782,2326
2782,153
2782,1208
2783,1984
2783,3623
2783,2767
2784,274
2784,3011
2784,3624
2785,260
2785,731
2785,409
2786,583
2786,3625
2786,3626
2787,3
2787,1839
2787,793
2788,3627
2788,3628
2788,3629
2789,3630
2789,3631
2789,2410
2790,3632
2790,1976
2790,1833
2791,3633
2791,3634
2791,3635
2792,416
2792,1035
2792,2817
2793,373
2793,394
2793,1592
2794,626
2794,15
2794,1910
2795,3636
2795,3637
2795,3638
2796,3639
2796,697
2796,900
2797,3640
2797,3641
2797,3642
2798,1164
2798,3643
2798,2521
2799,2697
2799,3644
2799,3645
2800,505
2800,3646
2800,3647
2801,1074
2801,3648
2801,3649
2802,30
2802,3284
2802,1362
2803,3650
2803,33
2803,1741
2804,736
2804,3651
2804,3652
2805,505
2805,3646
2805,506
2806,244
2806,221
2806,386
2807,30
2807,448
2807,2023
2808,1855
2808,3653
2808,3654
2809,2697
2809,3655
2809,3656
2810,3131
2810,3657
2810,3658
2811,3115
2811,2508
2811,1447
2812,3659
2812,3660
2812,3661
2813,3662
2813,3663
2813,728
2814,1505
2814,2572
2814,3664
2815,64
2815,930
2815,3665
2816,2598
2816,3526
2816,1842
2817,33
2817,2571
2817,907
2818,1857
2818,3666
2818,3667
2819,34
2819,365
2819,193
2820,3668
2820,1066
2820,3669
2821,1736
2821,1557
2821,1504
2822,473
2822,81
2822,3670
2823,608
2823,229
2823,3671
2824,3672
2824,1448
2824,3673
2825,242
2825,1091
2825,1513
2826,1293
2826,3674
2826,3675
2827,118
2828,2227
2828,3676
2828,3677
2829,118
2830,118
2831,118
2832,118
2833,118
2834,118
2835,118
2836,118
2837,118
2838,118
2839,118
2840,118
2841,118
2842,118
2843,118
2844,118
2845,3678
2845,3679
2845,1241
2846,2502
2846,1445
2846,3680
2847,1540
2847,1033
2847,2572
2848,417
2848,3681
2848,826
2849,3001
2849,3682
2849,3484
2850,260
2850,508
2850,1091
2851,1825
2851,3683
2851,2691
2852,3684
2852,50
2852,3685
2853,591
2853,2906
2853,2816
2854,3686
2854,3687
2854,3688
2855,196
2855,2935
2855,484
2856,576
2856,3689
2856,3690
2857,1142
2857,69
2857,2349
2858,1505
2858,2572
2858,1460
2859,1688
2859,3691
2859,3692
2860,459
2860,3154
2860,3693
2861,7
2861,1462
2861,3694
2862,24
2862,3695
2862,183
2863,2165
2863,3696
2863,294
2864,3697
2864,393
2864,3461
2865,234
2865,75
2865,689
2866,27
2866,286
2866,619
2867,3698
2867,3699
2867,3700
2868,1
2868,2231
2868,3701
2869,3702
2869,3703
2869,3704
2870,1766
2870,1767
2870,3705
2871,1293
2871,1819
2871,2799
2872,1438
2872,3260
2872,3706
2873,3707
2873,3708
2873,3709
2874,1316
2874,114
2874,816
2875,1842
2875,3710
2875,3711
2876,3712
2876,3713
2876,3714
2877,577
2877,2031
2877,3412
2878,3715
2878,583
2878,436
2879,1736
2879,3716
2879,3256
2880,1504
2880,1501
2880,1459
2881,3717
2881,1438
2881,1479
2882,1688
2882,448
2882,738
2883,577
2883,2031
2883,1366
2884,93
2884,92
2884,826
2885,30
2885,738
2885,3718
2886,225
2886,738
2886,269
2887,1164
2887,16
2887,2021
2888,16
2888,3719
2888,3618
2889,16
2889,3
2889,3720
2890,454
2890,2264
2890,664
2891,653
2891,181
2891,16
2892,225
2892,3
2892,3721
2893,285
2893,1276
2893,3722
2894,579
2894,744
2894,2903
2895,152
2895,151
2895,154
2896,1276
2896,121
2896,3723
2897,551
2897,126
2897,1226
2898,0
2898,1
2898,266
2899,16
2899,2940
2899,3724
2900,3725
2900,3726
2900,3625
2901,2942
2901,2357
2901,3727
2902,3728
2902,3729
2902,135
2903,3621
2903,3730
2903,3731
2904,242
2904,3732
2904,3733
2905,3734
2905,3735
2905,3736
2906,1251
2906,3737
2906,1508
2907,3738
2907,3739
2907,3740
2908,204
2908,3741
2908,3742
2909,458
2909,65
2909,1702
2910,1676
2910,3743
2910,1622
2911,47
2911,178
2911,3744
2912,61
2912,65
2912,3745
2913,102
2913,3625
2913,128
2914,0
2914,90
2914,588
2915,3746
2915,3747
2915,3748
2916,1445
2916,1442
2916,3031
2917,2697
2917,3749
2917,3750
2918,3751
2918,3752
2918,3753
2919,448
2919,3353
2919,3754
2920,3755
2920,1507
2920,3756
2921,1472
2921,1202
2921,1514
2922,3757
2922,288
2922,3758
2923,3759
2923,3760
2923,3761
2924,3432
2924,3762
2924,2487
2925,118
2926,3763
2926,3764
2926,3765
2927,118
2928,2797
2928,2352
2928,3766
2929,118
2930,118
2931,118
2932,118
2933,118
2934,118
2935,3767
2935,3768
2935,3769
2936,118
2937,118
2938,118
2939,118
2940,118
2941,364
2941,41
2941,3770
2942,84
2942,3771
2942,3772
2943,3773
2943,12
2943,3774
2944,545
2944,2691
2944,65
2945,458
2945,1270
2945,3775
2946,546
2946,225
2946,44
2947,995
2947,3776
2947,3139
2948,3777
2948,3778
2948,3779
2949,55
2949,483
2949,709
2950,3780
2950,2063
2950,3781
2951,202
2951,1919
2951,8
2952,2230
2952,483
2952,202
2953,245
2953,102
2953,2719
2954,1888
2954,1345
2954,3782
2955,1625
2955,3783
2955,480
2956,15
2956,454
2956,731
2957,52
2957,60
2957,3601
2958,1
2958,61
2958,1790
2959,2260
2959,547
2959,255
2960,175
2960,3784
2960,3785
2961,373
2961,3786
2961,790
2962,1980
2962,619
2962,3787
2963,56
2963,50
2963,709
2964,39
2964,579
2964,3788
2965,3789
2965,3790
2965,3791
2966,118
2967,454
2967,137
2967,3792
2968,497
2968,2189
2968,621
2969,119
2969,394
2969,3029
2970,3793
2970,3794
2970,3795
2971,3796
2971,3797
2971,6
2972,1322
2972,3798
2972,3799
2973,654
2973,3800
2973,1226
2974,3801
2974,3802
2974,3803
2975,1979
2975,1688
2975,3131
2976,1031
2976,3804
2976,3805
2977,389
2977,3757
2977,544
2978,1883
2978,608
2978,3806
2979,3469
2979,1887
2979,1449
2980,202
2980,1292
2980,3807
2981,202
2981,1714
2981,3808
2982,3809
2982,3810
2982,3811
2983,616
2983,793
2983,679
2984,1472
2984,2507
2984,1461
2985,3812
2985,3813
2985,3814
2986,2708
2986,225
2986,652
2987,1472
2987,3815
2987,3132
2988,804
2988,382
2988,1062
2989,3816
2989,3817
2989,1505
2990,102
2990,136
2990,656
2991,274
2991,793
2991,3818
2992,2734
2992,2969
2992,1714
2993,3819
2993,849
2993,3820
2994,481
2994,3821
2994,3822
2995,229
2995,3348
2995,3116
2996,3823
2996,3824
2996,3825
2997,3826
2997,2506
2997,1561
2998,3827
2998,3828
2998,3829
2999,588
2999,42
2999,737
3000,483
3000,3830
3000,3831
3001,835
3001,3832
3001,2461
3002,1804
3002,3190
3002,3833
3003,3834
3003,3835
3003,3836
3004,3837
3004,3838
3004,3839
3005,2703
3005,661
3005,379
3006,306
3006,3840
3006,3841
3007,1495
3007,3842
3007,3843
3008,1110
3008,2253
3008,3844
3009,2697
3009,3749
3009,3750
3010,3845
3010,2792
3010,2119
3011,1689
3011,1293
3011,3846
3012,3847
3012,3848
3012,843
3013,3849
3014,661
3014,918
3014,167
3015,1367
3015,876
3015,1114
3016,3850
3016,3851
3016,3852
3017,3853
3017,3854
3017,3855
3018,3856
3018,3857
3018,3858
3019,118
3020,155
3020,1739
3020,3859
3021,118
3022,118
3023,118
3024,118
3025,118
3026,118
3027,118
3028,118
3029,118
3030,118
3031,118
3032,118
3033,118
3034,118
3035,545
3035,616
3035,413
3036,39
3036,46
3036,1247
3037,38
3037,734
3037,1321
3038,863
3038,3282
3038,3860
3039,55
3039,56
3039,717
3040,714
3040,514
3040,2634
3041,1845
3041,319
3041,3861
3042,3862
3042,3863
3042,3864
3043,3865
3043,3866
3043,3867
3044,64
3044,3868
3044,2084
3045,285
3045,748
3045,897
3046,628
3046,464
3046,3869
3047,240
3047,712
3047,2681
3048,178
3048,3870
3048,3871
3049,774
3049,1228
3049,858
3050,38
3050,136
3050,396
3051,688
3051,67
3051,3141
3052,593
3052,161
3052,2909
3053,3872
3053,3873
3053,3874
3054,3875
3054,2803
3054,3543
3055,3876
3055,3877
3055,3878
3056,1095
3056,1096
3056,1097
3057,118
3058,1194
3058,3686
3058,3879
3059,467
3059,3880
3059,3881
3060,584
3060,3882
3060,3883
3061,3884
3061,3885
3061,3886
3062,487
3062,3887
3062,3715
3063,3888
3063,3889
3063,3890
3064,3891
3064,3892
3064,3893
3065,74
3065,631
3065,632
3066,3894
3066,1547
3066,3895
3067,898
3067,1942
3067,889
3068,3896
3068,3897
3068,3898
3069,3167
3069,3899
3069,3900
3070,2024
3070,3901
3070,3902
3071,3903
3071,3904
3071,3905
3072,2064
3072,3906
3072,177
3073,13
3073,544
3073,859
3074,2436
3074,3907
3074,3906
3075,90
3075,2071
3075,1405
3076,3908
3076,3909
3076,3910
3077,3911
3077,3912
3078,1074
3078,178
3078,3618
3079,2572
3079,3913
3079,3914
3080,1902
3080,3915
3080,3916
3081,1902
3081,3917
3081,3918
3082,244
3082,3919
3082,3920
3083,2697
3083,3921
3083,3922
3084,1902
3084,3923
3084,3924
3085,1438
3085,3925
3085,3926
3086,3927
3086,3426
3086,3928
3087,2565
3087,2727
3087,3929
3088,1625
3088,3930
3088,3931
3089,1514
3089,3932
3089,2623
3090,670
3090,712
3090,1576
3091,30
3091,2942
3091,362
3092,3037
3092,245
3092,3733
3093,3933
3093,3934
3093,3935
3094,3936
3094,3937
3094,3938
3095,3939
3095,3940
3095,3941
3096,1373
3096,3942
3096,3943
3097,2065
3097,377
3097,868
3098,60
3098,1367
3098,1228
3099,1809
3099,2340
3099,3944
3100,3945
3100,31
3100,710
3101,3946
3101,3947
3101,415
3102,1322
3102,3798
3102,3799
3103,3948
3103,3949
3103,1203
3104,1691
3104,577
3104,2719
3105,3950
3105,3951
3105,3658
3106,3952
3106,2521
3106,3953
3107,1466
3107,2583
3107,1755
3108,3954
3108,1224
3108,3955
3109,1614
3109,1615
3109,1616
3110,2625
3110,1488
3110,3956
3111,3957
3111,3958
3111,3959
3112,3038
3112,2253
3112,1461
3113,3264
3113,3960
3113,3961
3114,118
3115,118
3116,118
3117,118
3118,3962
3118,3963
3118,3964
3119,3965
3119,3966
3119,3967
3120,118
3121,118
3122,118
3123,118
3124,2259
3124,3968
3124,3969
3125,118
3126,118
3127,118
3128,493
3128,2028
3128,459
3129,118
3130,118
3131,58
3131,2023
3131,483
3132,481
3132,101
3132,543
3133,15
3133,1884
3133,3970
3134,155
3134,3971
3134,3545
3135,1246
3135,3972
3135,3973
3136,1540
3136,3974
3136,1849
3137,2572
3137,273
3137,3975
3138,1031
3138,3429
3138,3338
3139,1472
3139,2508
3139,3976
3140,1943
3140,959
3140,1972
3141,3977
3141,3978
3141,3415
3142,2734
3142,3979
3142,2372
3143,2024
3143,220
3143,3980
3144,3981
3144,3982
3144,3983
3145,3984
3145,3985
3145,3986
3146,3987
3146,3988
3146,3989
3147,3990
3147,2636
3147,2499
3148,240
3148,1985
3148,1235
3149,1472
3149,3132
3149,1445
3150,1242
3150,3260
3150,3991
3151,3992
3151,3993
3151,3994
3152,3995
3152,3996
3152,3997
3153,118
3154,118
3155,481
3155,447
3155,7
3156,365
3156,375
3156,376
3157,2935
3157,3415
3157,3998
3158,2514
3158,1625
3158,3999
3159,18
3159,552
3159,2713
3160,1809
3160,4000
3160,4001
3161,274
3161,477
3161,2228
3162,2103
3162,16
3162,4002
3163,1017
3163,90
3163,743
3164,210
3164,484
3164,609
3165,2748
3165,2750
3165,4003
3166,2748
3166,2750
3166,2672
3167,2748
3167,2750
3167,2672
3168,4004
3168,2748
3168,2750
3169,710
3169,4005
3169,4006
3170,2756
3170,2884
3170,287
3171,4007
3171,299
3171,3149
3172,2691
3172,3123
3172,1601
3173,4008
3173,1526
3173,1737
3174,4009
3174,4010
3174,4011
3175,1472
3175,4012
3175,4013
3176,3862
3176,4014
3176,4015
3177,239
3177,486
3177,4016
3178,4017
3178,4018
3178,4019
3179,4020
3179,4021
3179,4022
3180,4023
3180,4024
3180,4025
3181,3990
3181,4026
3181,3568
3182,1031
3182,1555
3182,4027
3183,4028
3183,4029
3183,4030
3184,1848
3184,4031
3184,4032
3185,2514
3185,4033
3185,4034
3186,101
3186,41
3186,178
3187,4035
3187,2119
3187,835
3188,15
3188,2816
3188,2799
3189,1850
3189,1819
3189,95
3190,4036
3190,4037
3190,4038
3191,72
3191,453
3191,2134
3192,1595
3192,1652
3192,3980
3193,373
3193,1097
3193,55
3194,55
3194,891
3194,1097
3195,273
3195,1824
3195,1603
3196,1110
3196,229
3196,3946
3197,4039
3197,3426
3197,4040
3198,1832
3198,4041
3198,3363
3199,1832
3199,3355
3199,3363
3200,1832
3200,4042
3200,4043
3201,1832
3201,2757
3201,4044
3202,1832
3202,4045
3202,2362
3203,118
3204,239
3204,734
3204,1189
3205,4046
3205,4047
3205,4048
3206,118
3207,118
3208,118
3209,118
3210,118
3211,118
3212,118
3213,118
3214,118
3215,118
3216,118
3217,118
3218,118
3219,4049
3219,2024
3219,578
3220,3231
3220,4050
3220,1096
3221,3201
3221,2111
3221,2703
3222,2471
3222,2472
3222,2473
3223,4051
3223,4052
3223,4053
3224,839
3224,4054
3224,4055
3225,4056
3225,44
3225,4057
3226,126
3226,71
3226,594
3227,4058
3227,4059
3227,4060
3228,4061
3228,4062
3228,4063
3229,1902
3229,1903
3229,4064
3230,1877
3230,4065
3230,4066
3231,233
3231,1857
3231,1689
3232,7
3232,1686
3232,2227
3233,142
3233,3719
3233,703
3234,591
3234,1690
3234,1448
3235,591
3235,3022
3235,1275
3236,4049
3236,2506
3236,1439
3237,4067
3237,4068
3237,4069
3238,155
3238,4070
3238,4071
3239,4072
3239,4073
3239,2683
3240,4074
3240,3302
3240,958
3241,312
3241,4075
3241,2011
3242,2515
3242,1505
3242,1271
3243,543
3243,1317
3243,1595
3244,951
3244,4076
3244,4077
3245,1109
3245,575
3245,4078
3246,118
3247,4065
3247,4079
3247,847
3248,260
3248,3936
3248,4080
3249,574
3249,4081
3249,1658
3250,1683
3250,73
3250,717
3251,2941
3251,3045
3251,4082
3252,4083
3252,4084
3252,4085
3253,4086
3253,4087
3253,3394
3254,1540
3254,1665
3254,903
3255,4088
3255,4089
3255,4090
3256,608
3256,3
3256,239
3257,4091
3257,2804
3257,4092
3258,4093
3258,4094
3258,2565
3259,4095
3259,4096
3259,4097
3260,4098
3260,200
3260,4099
3261,1540
3261,1874
3261,4100
3262,718
3262,339
3262,167
3263,1462
3263,4101
3263,4102
3264,2691
3264,1739
3264,514
3265,4103
3265,4104
3265,4105
3266,903
3266,1195
3266,3590
3267,4106
3267,4107
3267,1939
3268,152
3268,733
3268,1273
3269,737
3269,616
3269,2275
3270,4108
3270,1946
3270,4109
3271,229
3271,1031
3271,4110
3272,481
3272,58
3272,2884
3273,546
3273,3999
3273,4111
3274,7
3274,6
3274,1632
3275,273
3275,4112
3275,3671
3276,273
3276,3523
3276,4113
3277,454
3277,3027
3277,4114
3278,774
3278,2909
3278,1339
3279,2247
3279,508
3279,4115
3280,701
3280,382
3280,2218
3281,2300
3281,404
3281,2092
3282,52
3282,1035
3282,4116
3283,1438
3283,1449
3283,7
3284,1517
3284,4117
3284,4118
3285,3152
3285,2265
3285,265
3286,18
3286,2017
3286,1248
3287,2594
3287,4119
3287,3990
3288,1111
3288,621
3288,4120
3289,4121
3289,4122
3289,3664
3290,27
3290,3362
3290,1917
3291,3009
3291,4123
3291,1918
3292,0
3292,4124
3292,4125
3293,12
3293,66
3293,601
3294,551
3294,4126
3294,4127
3295,1979
3295,546
3295,3353
3296,202
3296,579
3296,4128
3297,4129
3297,760
3297,4130
3298,4131
3298,4132
3298,4133
3299,4134
3299,4135
3299,4136
3300,4137
3300,4138
3300,4139
3301,161
3301,1313
3301,4140
3302,2674
3302,4141
3302,4142
3303,307
3303,1077
3303,2395
3304,591
3304,268
3304,63
3305,118
3306,4143
3306,4144
3306,4145
3307,76
3307,4146
3307,4147
3308,118
3309,118
3310,118
3311,118
3312,118
3313,118
3314,118
3315,118
3316,118
3317,118
3318,118
3319,2604
3319,720
3319,3141
3320,4148
3320,713
3320,4149
3321,1326
3321,821
3321,178
3322,4
3322,2703
3322,652
3323,210
3323,612
3323,68
3324,1902
3324,3148
3324,4150
3325,1657
3325,3098
3325,261
3326,4
3326,3840
3326,2905
3327,2239
3327,165
3327,4151
3328,611
3328,3040
3328,918
3329,125
3329,60
3329,3800
3330,3197
3330,4152
3330,4153
3331,4154
3331,4155
3331,4156
3332,4157
3332,4158
3332,4159
3333,92
3333,1077
3333,2418
3334,482
3334,969
3334,377
3335,2692
3335,4160
3335,4161
3336,227
3336,2635
3336,3485
3337,2692
3337,4160
3337,4161
3338,4162
3338,4163
3338,4164
3339,450
3339,941
3339,4165
3340,820
3340,4166
3340,1371
3341,626
3341,2104
3341,4167
3342,1017
3342,1897
3342,4168
3343,223
3343,102
3343,121
3344,118
3345,390
3345,4169
3345,4170
3346,1605
3346,3974
3346,4171
3347,4172
3347,4173
3347,1644
3348,4174
3348,4104
3348,4175
3349,202
3349,1588
3349,120
3350,64
3350,2955
3350,4176
3351,737
3351,4071
3351,4177
3352,4178
3352,4179
3352,4180
3353,219
3353,1322
3353,4181
3354,4182
3354,4183
3354,4184
3355,2078
3355,177
3355,1180
3356,2815
3356,2332
3356,4185
3357,4186
3357,4187
3357,4188
3358,497
3358,450
3358,3445
3359,1887
3359,4189
3359,1439
3360,4190
3360,4191
3360,4035
3361,733
3361,1849
3361,4192
3362,4190
3362,4193
3362,4194
3363,4195
3363,4196
3363,4197
3364,1512
3364,1691
3364,2516
3365,4190
3365,3898
3365,6
3366,1439
3366,1887
3366,4198
3367,733
3367,1849
3367,2719
3368,2634
3368,2346
3368,4199
3369,4200
3369,4201
3370,4190
3370,1526
3370,4202
3371,4203
3371,4204
3371,4205
3372,3367
3372,4206
3372,4207
3373,3016
3373,294
3373,103
3374,903
3374,69
3374,305
3375,628
3375,2110
3375,4208
3376,3320
3376,4209
3376,4210
3377,4211
3377,4212
3377,3455
3378,128
3378,4213
3378,436
3379,1627
3379,87
3379,4214
3380,65
3380,2016
3380,4215
3381,623
3381,793
3381,4216
3382,34
3382,2526
3382,43
3383,545
3383,2726
3383,237
3384,290
3384,262
3384,4217
3385,4218
3385,4219
3385,4220
3386,4221
3386,4222
3386,4223
3387,4224
3387,4225
3387,4226
3388,1540
3388,4227
3388,2499
3389,1902
3389,4228
3389,4229
3390,270
3390,1195
3390,2955
3391,1902
3391,4230
3391,4231
3392,118
3393,118
3394,118
3395,4232
3395,4233
3395,1998
3396,2028
3396,4234
3396,4235
3397,118
3398,118
3399,1902
3399,4236
3399,4237
3400,118
3401,118
3402,118
3403,118
3404,4238
3404,4239
3404,4240
3405,118
3406,4241
3406,4242
3406,1591
3407,118
3408,118
3409,118
3410,4243
3410,4244
3410,4245
3411,118
3412,1514
3412,1472
3412,480
3413,630
3413,2172
3413,144
3414,1497
3414,4246
3414,3568
3415,1461
3415,3132
3415,4247
3416,4248
3416,4249
3416,4250
3417,3990
3417,2856
3417,4251
3418,3545
3418,4252
3418,4104
3419,3545
3419,4252
3419,4104
3420,4253
3420,4254
3420,4255
3421,4256
3421,4257
3421,4258
3422,2122
3422,4259
3422,4260
3423,4256
3423,4257
3423,4258
3424,4261
3424,4262
3424,4263
3425,1267
3425,4123
3425,814
3426,4264
3426,4265
3426,4266
3427,3410
3427,4267
3427,375
3428,4268
3428,1665
3428,4269
3429,4270
3429,1673
3429,4271
3430,4272
3430,4273
3430,4274
3431,4272
3431,4273
3431,4274
3432,4272
3432,4273
3432,4274
3433,2502
3433,1537
3433,4275
3434,4276
3434,4277
3434,4278
3435,118
3436,1887
3436,1449
3436,2139
3437,4279
3437,4280
3437,4281
3438,4279
3438,4280
3438,4281
3439,273
3439,1743
3439,4121
3440,273
3440,3650
3440,4282
3441,3052
3441,362
3441,4283
3442,225
3442,87
3442,2133
3443,202
3443,427
3443,3408
3444,153
3444,36
3444,239
3445,738
3445,1910
3445,4284
3446,4285
3446,4286
3446,4287
3447,4285
3447,4287
3447,4286
3448,4285
3448,4286
3448,4287
3449,994
3449,4288
3449,42
3450,4289
3450,4290
3450,4291
3451,4292
3451,4293
3451,4294
3452,4295
3452,4296
3452,4297
3453,4295
3453,4297
3453,4296
3454,4298
3454,2555
3454,4299
3455,923
3455,517
3455,4127
3456,551
3456,1590
3456,3618
3457,225
3457,1819
3457,3486
3458,3447
3458,4300
3458,4301
3459,903
3459,1818
3459,1579
3460,285
3460,4302
3460,4303
3461,285
3461,4304
3461,4305
3462,285
3462,4306
3462,4304
3463,285
3463,1366
3463,3977
3464,2103
3464,16
3464,4002
3465,2103
3465,1017
3465,880
3466,417
3466,4307
3466,2613
3467,4308
3467,3860
3467,79
3468,4126
3468,2570
3468,942
3469,426
3469,4309
3469,4310
3470,152
3470,1683
3470,142
3471,1276
3471,426
3471,4311
3472,2318
3472,4312
3472,4313
3473,426
3473,4314
3473,2996
3474,426
3474,940
3474,1076
3475,69
3475,394
3475,2064
3476,4315
3476,4116
3476,4316
3477,3461
3477,110
3477,1645
3478,458
3478,690
3478,1377
3479,1980
3479,63
3479,546
3480,4317
3480,4318
3480,4319
3481,285
3481,738
3481,4320
3482,1164
3482,1110
3482,1588
3483,4321
3483,4322
3483,4323
3484,118
3485,118
3486,821
3486,1167
3486,4324
3487,118
3488,118
3489,118
3490,118
3491,118
3492,118
3493,118
3494,118
3495,118
3496,118
3497,118
3498,118
3499,32
3499,1276
3499,2524
3500,4325
3500,4326
3500,4327
3501,2958
3501,2962
3501,4328
3502,382
3502,1043
3502,2674
3503,2260
3503,417
3503,265
3504,4329
3504,3532
3504,4330
3505,4331
3505,2393
3505,1985
3506,4332
3506,4333
3506,4334
3507,459
3507,1107
3507,1897
3508,285
3508,4335
3508,4336
3509,52
3509,1035
3509,4116
3510,285
3510,3165
3510,2002
3511,16
3511,59
3511,4337
3512,179
3512,1137
3512,1201
3513,612
3513,434
3513,1233
3514,4091
3514,2804
3514,4092
3515,211
3515,151
3515,3478
3516,4338
3516,4339
3516,4340
3517,4341
3517,4342
3517,1602
3518,4343
3518,4344
3518,3944
3519,3278
3519,4345
3519,4346
3520,4347
3520,693
3520,3445
3521,4348
3521,1134
3521,4349
3522,843
3522,441
3522,1208
3523,3065
3523,4350
3523,4351
3524,3065
3524,4352
3524,4353
3525,3065
3525,4354
3525,4355
3526,273
3526,225
3526,736
3527,454
3527,2189
3527,1910
3528,1165
3528,4356
3528,4357
3529,4358
3529,4359
3529,4360
3530,854
3530,855
3530,856
3531,854
3531,856
3531,757
3532,2693
3532,2678
3532,2694
3533,4361
3533,4362
3533,4363
3534,4364
3534,4365
3534,4366
3535,1903
3535,1438
3535,1736
3536,4367
3536,4368
3536,4369
3537,848
3537,4370
3537,4371
3538,4372
3538,4373
3538,4374
3539,4372
3539,4373
3539,4375
3540,1050
3540,4376
3540,4377
3541,90
3541,4378
3541,4379
3542,4380
3542,4381
3542,159
3543,2396
3543,3029
3543,4382
3544,4383
3544,4384
3544,4385
3545,4386
3545,1247
3545,4387
3546,1965
3546,4388
3546,4389
3547,4390
3547,4391
3547,4392
3548,36
3548,4393
3548,2935
3549,1555
3549,1457
3549,1472
3550,682
3550,4394
3550,116
3551,4395
3551,4396
3551,4397
3552,2105
3552,4398
3552,4399
3553,255
3553,4400
3553,1641
3554,4401
3554,4402
3554,4403
3555,18
3555,87
3555,4404
3556,4405
3556,4406
3556,4407
3557,3166
3557,2136
3557,1144
3558,1438
3558,1977
3558,2372
3559,804
3559,2283
3559,59
3560,4408
3560,4409
3560,4410
3561,4411
3561,4412
3561,4413
3562,154
3562,4414
3562,4415
3563,1472
3563,2665
3563,3134
3564,4416
3564,1909
3564,4417
3565,629
3565,187
3565,4418
3566,1293
3566,155
3566,3404
3567,688
3567,170
3567,2103
3568,4419
3568,2291
3568,4420
3569,128
3569,1673
3569,1680
3570,13
3570,2670
3570,4421
3571,128
3571,13
3571,4422
3572,4423
3572,1299
3572,4424
3573,4425
3573,4426
3573,1997
3574,1438
3574,1903
3574,4427
3575,4428
3575,3710
3575,4429
3576,205
3576,4430
3576,2030
3577,242
3577,901
3577,2269
3578,4431
3578,624
3578,4432
3579,702
3579,426
3579,3379
3580,390
3580,119
3580,951
3581,118
3582,118
3583,118
3584,4433
3584,2349
3584,4434
3585,118
3586,118
3587,118
3588,118
3589,118
3590,118
3591,118
3592,118
3593,118
3594,3520
3594,3522
3594,3521
3595,68
3595,4435
3595,4436
3596,285
3596,142
3596,520
3597,4437
3597,4438
3597,4439
3598,4440
3598,4441
3598,4442
3599,1462
3599,2349
3599,152
3600,1285
3600,4443
3600,631
3601,3021
3601,45
3601,4388
3602,4444
3602,4445
3602,4446
3603,155
3603,1012
3603,2935
3604,1612
3604,4447
3604,4448
3605,2670
3605,2777
3605,4449
3606,285
3606,2348
3606,603
3607,4450
3607,4451
3607,4452
3608,4453
3608,1250
3608,1207
3609,276
3609,4454
3609,4455
3610,1763
3610,4456
3610,4457
3611,1017
3611,574
3611,2326
3612,588
3612,751
3612,2895
3613,4458
3613,4459
3613,4460
3614,211
3614,2458
3614,4461
3615,399
3615,58
3615,4462
3616,2335
3616,3294
3616,4463
3617,57
3617,1656
3617,1189
3618,4464
3618,4465
3618,4466
3619,4467
3619,4468
3619,4469
3620,2071
3620,4186
3620,2275
3621,118
3622,33
3622,735
3622,4470
3623,33
3623,735
3623,736
3624,1031
3624,4471
3624,4472
3625,2709
3625,1518
3625,4473
3626,1505
3626,578
3626,2515
3627,1164
3627,3580
3627,4474
3628,633
3628,452
3628,4475
3629,2683
3629,4476
3629,4477
3630,294
3630,1734
3630,4478
3631,309
3631,229
3631,1483
3632,4479
3632,2851
3632,4480
3633,55
3633,3718
3633,4478
3634,4481
3634,4482
3634,4483
3635,4484
3635,4485
3635,4486
3636,4
3636,4487
3636,395
3637,4488
3637,4148
3637,4489
3638,4490
3638,4491
3638,4492
3639,3623
3639,922
3639,246
3640,1665
3640,2664
3640,1669
3641,1650
3641,1785
3641,4493
3642,417
3642,136
3642,4494
3643,540
3643,4495
3643,2925
3644,4496
3644,2953
3644,4497
3645,4487
3645,4331
3645,4498
3646,3307
3646,4499
3646,4500
3647,1035
3647,609
3647,4501
3648,4502
3648,4503
3648,4504
3649,654
3649,399
3649,603
3650,2427
3650,2206
3650,180
3651,839
3651,4505
3651,3294
3652,2078
3652,203
3652,2185
3653,2270
3653,3623
3653,4506
3654,2120
3654,484
3654,571
3655,4507
3655,547
3655,4508
3656,4509
3656,4510
3656,4511
3657,2334
3657,4512
3657,1574
3658,4513
3658,4514
3658,4515
3659,2754
3659,2190
3659,4516
3660,609
3660,58
3660,2164
3661,4517
3661,4518
3661,3820
3662,3197
3662,4152
3662,4153
3663,4519
3663,459
3663,203
3664,2059
3664,2695
3664,939
3665,44
3665,280
3665,1034
3666,4520
3666,4521
3666,4522
3667,4523
3667,2083
3667,4524
3668,4525
3668,4526
3668,4527
3669,373
3669,1334
3669,4528
3670,4529
3670,4530
3670,4531
3671,4532
3671,1057
3671,4533
3672,4532
3672,1057
3672,4533
3673,1836
3673,1834
3673,627
3674,1694
3674,4534
3674,4535
3675,4535
3675,2594
3675,4536
3676,3050
3676,3051
3676,2639
3677,4535
3677,2594
3677,4537
3678,4538
3678,4539
3678,3492
3679,1930
3679,2828
3679,4540
3680,1911
3680,3913
3680,3734
3681,4541
3681,4542
3681,3253
3682,4543
3682,4544
3682,4545
3683,4039
3683,3426
3683,4040
3684,4546
3684,4547
3684,4548
3685,1519
3685,4549
3685,4550
3686,4551
3686,4552
3686,4553
3687,4554
3687,4555
3687,4371
3688,4556
3688,4557
3688,4558
3689,4559
3689,4560
3689,1519
3690,2215
3690,4561
3690,4281
3691,4562
3691,4563
3691,4564
3692,4565
3692,4566
3692,4567
3693,4568
3693,4569
3693,2074
3694,118
3695,118
3696,570
3696,4570
3696,755
3697,4571
3697,4572
3697,4573
3698,4574
3698,4575
3698,4576
3699,64
3699,3076
3699,689
3700,1932
3700,3154
3700,4577
3701,307
3701,16
3701,2249
3702,120
3702,1268
3702,1208
3703,3726
3703,4518
3703,4578
3704,4579
3704,2036
3704,4580
3705,40
3705,447
3705,225
