0,0
1,1
2,2
3,3
4,4
5,5
6,6
7,7
8,8
9,9
10,10
11,11
12,12
13,13
14,14
15,15
16,16
17,17
17,18
18,19
19,20
20,21
21,22
22,23
23,24
24,25
25,26
26,27
27,28
28,29
28,30
29,31
30,32
31,33
32,34
33,35
34,36
35,37
36,38
37,39
38,40
39,41
40,42
41,43
42,43
43,43
44,43
45,44
46,43
47,43
48,45
49,46
50,47
51,48
52,49
53,50
54,51
55,52
56,53
56,54
57,55
58,56
59,57
60,58
61,59
62,60
63,61
64,62
65,63
66,64
67,65
68,66
69,67
70,68
71,69
72,70
73,71
74,72
75,73
76,74
77,75
78,76
79,77
80,78
81,79
82,80
83,81
84,82
85,83
86,84
87,85
88,86
89,87
90,88
91,89
92,90
93,91
94,92
95,93
96,94
97,95
98,96
99,97
100,98
101,99
102,100
103,101
104,102
104,103
105,104
106,105
107,15
108,106
109,107
110,108
111,43
112,109
113,110
114,111
115,112
116,32
117,113
118,114
119,115
120,116
121,117
122,118
123,119
124,43
125,43
126,120
127,121
128,122
129,123
130,124
131,125
132,126
133,127
134,43
135,43
136,43
137,43
138,128
139,43
140,43
141,43
142,43
143,43
144,43
145,43
146,43
147,43
148,43
149,129
150,130
150,131
151,132
152,133
153,134
154,135
155,136
156,137
157,66
158,138
159,139
160,140
161,141
162,142
163,143
164,144
165,145
166,146
167,147
168,148
169,149
170,150
171,151
172,152
173,153
174,154
175,155
176,156
177,157
178,43
179,158
180,159
181,160
182,161
183,162
184,163
185,164
186,165
187,165
188,131
188,166
189,167
190,168
191,169
192,170
193,171
194,172
195,173
196,174
197,175
198,176
199,177
200,178
201,179
202,180
203,80
204,181
205,25
206,182
207,183
208,184
209,185
210,186
211,187
212,188
213,189
214,190
215,191
216,154
217,192
218,193
219,194
220,85
221,195
222,196
223,43
224,43
225,16
226,43
227,43
228,43
229,43
230,43
231,43
232,43
233,43
234,43
235,43
236,43
237,43
238,197
239,198
240,199
241,200
242,201
243,202
244,203
245,204
246,205
247,206
248,207
249,208
250,209
251,210
252,211
253,212
254,213
255,214
256,215
257,216
257,217
258,179
259,218
260,97
261,219
262,220
263,221
264,222
265,223
266,91
267,224
268,225
269,226
270,227
271,228
272,220
273,229
274,230
275,231
276,232
277,233
278,47
279,13
280,234
281,235
282,236
283,237
284,238
285,239
286,240
287,241
288,242
289,243
290,153
291,244
292,245
293,246
294,247
295,248
296,249
297,250
298,250
299,250
300,251
301,252
302,253
303,254
304,255
305,256
306,257
307,258
308,259
309,260
310,261
311,262
311,263
312,264
312,265
313,266
314,267
315,268
316,31
317,269
318,270
319,271
320,272
321,273
322,274
323,275
324,276
325,43
326,43
327,43
328,43
329,43
330,43
331,277
332,43
333,43
334,43
335,43
336,43
337,196
338,43
339,43
340,278
341,279
342,134
343,280
344,281
345,282
346,283
347,43
348,284
349,43
350,4
351,285
352,286
353,287
354,288
354,289
355,43
356,88
357,290
358,23
359,291
360,275
361,243
362,292
363,98
364,293
365,294
366,295
367,296
368,297
369,8
370,298
371,299
372,300
373,301
374,302
375,303
376,304
377,305
378,306
379,307
380,308
381,309
382,310
383,311
384,312
385,313
386,314
387,315
388,316
389,43
390,317
390,318
391,319
392,320
393,274
394,321
395,322
396,21
397,234
398,15
399,323
400,324
401,85
402,325
403,47
404,326
405,84
406,327
407,328
408,231
409,329
410,121
411,330
412,331
413,332
414,333
415,334
416,335
417,43
418,43
419,336
420,43
421,43
422,43
423,43
424,43
425,43
426,43
427,43
428,43
429,43
430,43
431,43
432,43
433,43
434,337
435,338
436,339
437,135
438,340
439,21
440,6
441,341
442,342
443,343
444,181
445,43
446,2
447,344
448,345
449,346
450,90
451,13
452,347
453,348
454,349
455,350
456,113
457,351
457,352
458,43
459,353
460,237
461,354
462,144
463,75
464,193
465,329
466,355
467,356
468,357
469,358
470,359
471,139
472,360
473,341
474,361
475,226
476,95
477,105
478,47
479,362
479,363
480,364
481,365
482,366
483,91
484,43
485,367
486,159
487,368
488,369
489,370
490,9
491,10
492,371
493,100
494,372
495,373
496,284
497,124
498,374
499,375
500,89
501,206
502,376
503,377
504,378
505,379
506,11
507,380
508,381
509,382
510,156
511,383
512,384
513,355
514,385
515,43
516,386
517,43
518,43
519,43
520,43
521,43
522,43
523,43
524,43
525,43
526,43
527,43
528,43
529,43
530,43
531,387
532,43
533,270
534,388
535,389
536,390
537,391
538,58
539,392
539,393
540,394
541,136
542,395
543,396
544,397
544,1
545,398
546,399
547,400
548,401
549,402
550,403
551,404
552,405
553,406
554,231
555,407
556,408
557,409
558,410
559,411
560,116
561,84
562,412
563,413
564,414
565,415
566,416
567,417
568,92
569,418
570,419
571,420
572,159
573,142
574,421
574,422
575,298
576,423
577,424
578,344
579,372
580,425
580,426
581,427
581,428
582,429
582,430
583,431
584,432
584,433
585,434
586,435
587,436
588,437
589,438
590,439
591,440
592,441
593,351
593,352
594,442
595,443
595,444
596,445
597,446
598,447
599,448
600,449
601,450
602,406
603,451
604,452
605,373
606,453
607,231
608,43
609,43
610,454
611,455
612,456
612,457
613,215
614,458
615,43
616,459
617,460
618,461
619,134
620,462
621,463
622,464
623,465
624,99
625,466
626,218
627,467
628,468
629,469
630,470
631,471
632,472
633,473
634,474
635,475
636,476
637,477
638,478
639,391
640,63
641,479
642,480
643,481
644,482
645,483
646,484
647,485
648,484
649,486
650,487
651,488
652,489
653,490
654,248
655,491
656,492
657,493
658,494
659,160
660,495
661,341
662,43
663,43
664,496
665,497
666,498
667,499
668,500
669,501
670,502
671,503
672,504
673,505
674,506
675,507
676,508
677,235
678,323
679,509
680,510
681,511
682,512
683,126
684,307
685,513
686,514
687,515
688,516
689,517
690,518
691,390
692,113
693,519
694,57
695,520
695,521
696,305
697,522
698,523
698,524
699,43
700,43
701,43
702,43
703,43
704,43
705,43
706,43
707,525
708,43
709,43
710,43
711,43
712,526
713,494
714,421
714,422
715,340
716,527
717,528
718,529
719,114
720,530
721,531
722,532
723,341
724,285
725,533
726,534
727,535
728,536
729,537
730,538
731,539
731,540
732,541
733,542
733,276
734,543
734,544
735,261
736,545
737,258
738,546
739,136
740,427
740,428
741,292
742,547
742,548
743,43
744,549
744,550
745,43
746,419
747,551
747,552
748,553
749,554
750,555
751,556
752,472
753,199
754,256
755,557
756,558
757,559
758,128
759,278
760,320
761,560
762,561
763,562
764,324
765,470
766,563
767,564
768,565
769,566
770,567
771,568
772,560
773,569
774,570
775,571
776,572
777,573
778,574
779,575
780,243
781,576
782,577
783,578
784,343
785,579
786,580
787,43
788,43
789,43
790,43
791,581
792,582
793,583
794,43
795,43
796,43
797,584
798,43
799,43
800,585
801,43
802,43
803,586
804,470
805,106
806,587
807,588
808,47
809,589
810,590
810,591
811,592
812,593
813,249
814,369
815,594
816,595
817,19
818,106
819,596
820,438
821,8
822,597
822,598
823,599
824,600
825,0
826,234
827,270
828,133
829,601
830,134
831,602
832,603
833,43
834,544
835,604
836,605
837,606
838,607
838,608
839,609
840,607
841,610
842,611
843,611
844,612
845,606
846,613
847,611
848,614
849,614
850,607
851,615
852,616
853,606
854,614
855,617
856,618
856,619
857,609
858,620
858,621
859,620
859,621
860,226
861,614
862,622
863,494
864,623
865,624
866,43
867,43
868,43
869,43
870,43
871,43
872,43
873,43
874,43
875,43
876,43
877,43
878,43
879,43
880,43
881,43
882,43
883,612
884,613
885,625
886,626
887,627
888,628
889,629
890,630
891,631
891,632
892,612
893,612
894,630
895,627
896,43
897,633
898,634
899,635
900,634
901,636
902,637
903,638
904,611
905,639
906,640
906,641
907,642
908,616
909,616
910,43
911,43
912,43
913,43
914,643
915,644
916,645
917,646
918,647
919,41
920,648
921,649
922,650
923,651
924,652
925,17
926,532
927,653
928,205
929,654
930,655
931,656
931,657
932,181
933,658
934,65
935,659
936,660
937,661
938,231
939,662
940,663
941,63
942,664
943,665
944,666
945,667
946,668
947,667
948,669
949,669
950,670
951,671
952,672
953,667
954,673
955,558
956,674
957,675
957,676
958,450
959,429
959,675
960,450
961,43
962,180
963,43
964,43
965,43
966,43
967,43
968,43
969,43
970,43
971,43
972,43
973,43
974,677
975,467
976,368
977,650
978,678
979,206
980,679
981,14
982,329
983,680
984,681
985,682
986,134
987,392
988,499
989,47
990,309
991,683
992,684
993,193
994,685
995,686
996,687
997,613
998,688
999,689
1000,689
1001,646
1001,690
1002,691
1003,692
1004,693
1005,47
1006,47
1007,694
1007,695
1008,696
1009,610
1010,385
1011,610
1012,697
1013,698
1014,611
1015,699
1016,700
1017,241
1018,13
1019,701
1020,702
1021,13
1022,205
1023,63
1024,703
1025,355
1026,704
1027,645
1028,136
1029,136
1030,705
1031,706
1032,628
1033,707
1034,708
1035,709
1035,710
1036,711
1037,293
1038,331
1039,43
1040,712
1041,713
1042,714
1043,715
1044,716
1045,717
1046,372
1047,718
1048,610
1049,719
1050,298
1051,274
1052,274
1053,720
1054,402
1055,402
1056,43
1057,721
1058,722
1059,33
1059,696
1060,723
1061,43
1062,43
1063,724
1064,725
1064,726
1065,43
1066,43
1067,491
1068,727
1069,43
1070,43
1071,728
1072,43
1073,729
1073,730
1074,731
1075,380
1076,732
1077,491
1078,733
1079,431
1080,734
1081,43
1082,735
1083,37
1084,115
1085,736
1086,737
1087,29
1087,30
1088,250
1089,738
1090,494
1091,87
1092,739
1093,701
1094,367
1095,740
1096,354
1097,358
1098,256
1099,43
1100,43
1101,406
1102,339
1103,741
1104,716
1105,742
1105,743
1106,744
1107,10
1108,355
1109,33
1110,298
1111,745
1112,746
1113,346
1114,747
1115,748
1116,494
1117,749
1118,750
1119,745
1120,751
1121,752
1122,753
1123,15
1124,82
1125,247
1126,238
1127,754
1128,90
1129,611
1130,327
1131,535
1132,494
1133,517
1134,91
1135,716
1136,43
1137,43
1138,15
1139,43
1140,43
1141,43
1142,43
1143,43
1144,43
1145,43
1146,43
1147,43
1148,43
1149,43
1150,218
1151,755
1152,47
1153,351
1153,352
1154,337
1155,300
1156,622
1157,238
1158,747
1159,542
1160,196
1161,756
1162,616
1163,199
1164,757
1165,758
1166,494
1167,10
1168,759
1169,247
1170,760
1171,685
1172,761
1173,516
1174,100
1175,597
1176,762
1177,612
1178,283
1179,763
1180,43
1181,43
1182,764
1183,765
1184,766
1185,307
1186,11
1187,126
1188,31
1189,767
1190,768
1190,769
1191,770
1192,630
1193,323
1194,771
1195,617
1196,10
1197,772
1198,2
1199,355
1200,773
1201,774
1202,249
1203,377
1204,206
1205,173
1206,378
1207,164
1208,775
1209,776
1210,267
1211,616
1212,777
1213,752
1214,752
1215,10
1216,778
1217,779
1218,780
1218,780
1219,781
1220,782
1221,783
1222,784
1223,785
1224,327
1225,786
1226,673
1227,787
1228,779
1229,788
1230,766
1231,789
1232,790
1232,791
1233,43
1234,43
1235,43
1236,43
1237,43
1238,43
1239,43
1240,43
1241,43
1242,43
1243,43
1244,43
1245,43
1246,43
1247,467
1248,792
1249,88
1250,793
1251,794
1251,795
1252,23
1253,796
1254,797
1255,798
1256,799
1257,800
1258,801
1259,802
1260,803
1261,282
1262,804
1263,805
1263,806
1264,807
1265,376
1266,808
1267,809
1268,223
1269,58
1270,810
1271,14
1272,756
1273,811
1274,812
1275,811
1276,813
1277,813
1278,344
1279,369
1280,176
1281,814
1282,43
1283,143
1284,233
1285,815
1286,343
1287,816
1288,355
1289,771
1290,817
1291,275
1292,344
1293,818
1294,819
1295,351
1295,352
1296,193
1297,267
1298,820
1299,774
1300,821
1301,10
1302,25
1303,822
1303,823
1304,824
1305,88
1306,5
1307,225
1308,825
1309,91
1310,826
1311,827
1312,828
1313,43
1314,378
1315,373
1316,829
1317,830
1318,831
1319,832
1320,833
1321,204
1321,447
1322,413
1323,834
1324,835
1325,106
1326,836
1327,99
1328,43
1329,43
1330,43
1331,43
1332,43
1333,43
1334,43
1335,43
1336,43
1337,43
1338,264
1338,265
1339,43
1340,837
1341,43
1342,838
1343,839
1344,83
1345,185
1346,840
1347,841
1348,39
1349,842
1350,100
1351,843
1352,844
1353,845
1354,846
1355,284
1356,738
1357,322
1358,847
1359,848
1360,340
1361,186
1362,259
1363,239
1364,420
1365,849
1366,850
1367,420
1368,87
1369,361
1370,851
1371,852
1372,821
1373,43
1374,703
1375,853
1376,854
1377,258
1378,855
1379,856
1379,857
1380,201
1381,858
1382,191
1383,257
1384,859
1385,860
1386,861
1387,862
1388,512
1389,345
1390,863
1391,864
1392,865
1393,43
1394,866
1395,867
1396,336
1397,868
1398,869
1399,870
1400,90
1401,871
1402,872
1403,873
1404,874
1405,208
1406,238
1407,43
1408,140
1409,875
1410,338
1411,876
1411,877
1412,756
1413,878
1414,879
1415,880
1416,881
1417,882
1418,883
1419,884
1420,355
1421,827
1422,885
1423,43
1424,43
1425,43
1426,43
1427,43
1428,43
1429,886
1430,43
1431,43
1432,296
1433,43
1434,43
1435,43
1436,43
1437,887
1438,43
1439,421
1439,422
1440,888
1441,889
1442,890
1443,891
1444,491
1445,90
1446,110
1447,892
1448,491
1449,21
1450,173
1451,43
1452,385
1453,283
1454,893
1455,82
1456,894
1457,895
1458,534
1459,93
1460,896
1461,897
1462,221
1463,898
1464,341
1465,368
1466,23
1467,211
1468,43
1469,899
1470,571
1471,900
1472,404
1473,901
1474,902
1475,903
1476,237
1477,180
1478,139
1479,904
1480,905
1481,906
1482,56
1483,235
1484,907
1485,295
1486,34
1487,77
1488,908
1489,909
1490,910
1491,44
1492,785
1493,911
1494,13
1495,507
1496,912
1497,72
1498,913
1499,382
1500,16
1501,914
1502,154
1503,915
1504,916
1505,917
1506,918
1507,919
1508,920
1509,921
1510,922
1511,43
1512,923
1513,174
1514,187
1515,43
1516,43
1517,43
1518,43
1519,43
1520,43
1521,43
1522,43
1523,43
1524,43
1525,43
1526,43
1527,810
1528,43
1529,924
1530,43
1531,25
1532,371
1533,499
1534,925
1534,926
1535,535
1536,927
1537,337
1538,85
1539,702
1540,346
1541,131
1542,928
1543,929
1544,930
1545,337
1546,144
1547,78
1548,47
1549,763
1550,931
1551,432
1551,433
1552,22
1553,30
1554,932
1555,355
1556,933
1557,934
1558,935
1559,43
1560,47
1561,227
1562,155
1563,904
1564,936
1565,937
1566,100
1567,938
1568,939
1569,43
1570,88
1571,940
1572,941
1573,942
1574,298
1575,943
1576,296
1577,944
1578,423
1579,244
1580,945
1581,241
1582,15
1583,106
1584,351
1584,352
1585,291
1586,946
1587,214
1588,947
1589,948
1590,949
1591,950
1592,84
1593,193
1594,280
1595,86
1596,951
1597,952
1598,186
1599,454
1600,953
1601,707
1602,43
1603,455
1604,43
1605,43
1606,43
1607,43
1608,43
1609,53
1610,43
1611,43
1612,890
1613,43
1614,43
1615,954
1616,413
1617,955
1618,956
1619,331
1620,957
1621,256
1622,230
1623,364
1624,958
1625,959
1626,948
1627,707
1628,960
1628,961
1629,962
1630,963
1631,964
1632,185
1633,682
1634,965
1635,32
1636,966
1637,300
1638,967
1639,968
1640,342
1641,969
1642,970
1643,128
1644,27
1645,223
1646,342
1647,222
1648,43
1649,43
1650,43
1651,131
1652,971
1653,329
1654,972
1655,95
1656,973
1657,133
1658,974
1659,2
1660,323
1661,134
1662,249
1663,232
1664,975
1665,976
1666,977
1667,978
1668,7
1669,979
1670,842
1671,980
1672,981
1673,982
1674,43
1675,983
1676,984
1677,150
1678,985
1679,986
1680,987
1681,988
1682,380
1683,989
1684,990
1685,991
1686,992
1687,993
1688,994
1689,562
1690,43
1691,995
1691,996
1692,27
1693,43
1694,43
1695,43
1696,43
1697,43
1698,43
1699,997
1700,43
1701,43
1702,43
1703,43
1704,43
1705,43
1706,43
1707,838
1708,3
1709,998
1710,999
1711,1000
1711,1001
1712,343
1713,1002
1714,208
1715,1003
1715,1004
1716,1005
1717,1006
1718,1007
1719,1008
1720,1009
1721,1010
1722,261
1723,1011
1724,583
1725,1012
1726,68
1727,1013
1727,1014
1728,1015
1729,1016
1730,1017
1731,420
1732,358
1733,337
1734,1018
1735,93
1736,1019
1737,306
1738,23
1739,1020
1740,720
1741,1021
1742,1022
1743,547
1743,548
1744,1023
1745,633
1745,1024
1746,1025
1747,639
1748,1026
1749,1027
1750,1028
1751,1028
1752,1029
1753,1030
1754,612
1755,1031
1756,617
1757,757
1758,614
1759,617
1760,628
1761,1032
1762,1033
1763,1034
1764,770
1765,628
1766,1035
1767,1036
1767,756
1768,330
1769,770
1770,234
1771,753
1772,57
1773,121
1774,321
1775,230
1776,244
1777,43
1778,43
1779,43
1780,43
1781,43
1782,43
1783,43
1784,43
1785,43
1786,43
1787,43
1788,43
1789,43
1790,43
1791,43
1792,43
1793,43
1794,43
1795,71
1796,71
1797,1037
1798,1038
1799,1039
1800,1040
1801,1041
1802,274
1803,1042
1804,1043
1805,143
1806,1044
1807,1045
1808,1046
1809,1045
1810,1046
1811,107
1812,1047
1813,1048
1814,1049
1815,75
1816,1050
1817,121
1818,129
1819,1051
1820,23
1821,23
1822,23
1823,720
1824,720
1825,23
1826,9
1827,1052
1828,1053
1829,673
1830,759
1831,283
1832,283
1833,1054
1833,1055
1834,1056
1835,667
1836,668
1837,1057
1838,1058
1838,769
1839,754
1840,87
1841,846
1842,15
1843,535
1844,370
1845,1059
1846,1060
1847,347
1848,355
1849,1061
1850,668
1851,834
1852,1062
1852,255
1853,1056
1854,667
1855,1063
1856,664
1857,664
1858,1064
1859,834
1860,1065
1861,895
1862,667
1863,1066
1864,952
1865,814
1866,667
1867,421
1867,1067
1868,667
1869,668
1870,668
1871,1068
1872,814
1873,1
1874,834
1875,667
1876,1069
1877,65
1878,1070
1879,1071
1880,1072
1881,1073
1882,712
1883,132
1884,47
1885,526
1886,747
1887,1074
1888,1075
1889,43
1890,43
1891,43
1892,43
1893,43
1894,43
1895,43
1896,43
1897,43
1898,43
1899,43
1900,43
1901,43
1902,102
1903,1068
1904,675
1904,1076
1905,1077
1906,675
1906,676
1907,249
1908,1078
1908,1079
1909,1080
1909,450
1910,666
1911,22
1912,1081
1913,1
1914,667
1915,675
1916,693
1917,667
1918,676
1918,1082
1919,243
1920,1083
1921,1084
1921,1085
1922,47
1923,383
1924,1086
1925,519
1926,71
1927,336
1928,845
1929,845
1930,845
1931,301
1932,1087
1933,750
1934,355
1935,1088
1936,53
1937,361
1938,1089
1939,561
1940,1090
1941,1091
1942,432
1942,1092
1943,21
1944,39
1945,467
1946,1093
1947,1094
1948,1095
1949,276
1950,1074
1951,300
1952,159
1953,1096
1954,673
1955,1097
1956,1098
1956,1099
1957,1100
1958,432
1959,1101
1959,56
1960,432
1961,1102
1961,12
1962,82
1963,1096
1964,2
1965,278
1966,1103
1967,71
1968,1104
1969,1105
1970,1105
1971,1106
1972,462
1973,1107
1974,1108
1975,1109
1976,1110
1977,1111
1978,682
1979,196
1980,237
1981,413
1982,1112
1983,1113
1984,1114
1985,20
1986,1115
1987,1116
1988,43
1989,1117
1990,43
1991,1118
1992,1119
1993,43
1994,544
1995,43
1996,43
1997,43
1998,43
1999,43
2000,43
2001,611
2002,611
2003,611
2004,611
2005,611
2006,611
2007,1120
2008,1121
2009,220
2010,1122
2011,1123
2012,243
2013,467
2014,1124
2015,858
2016,1125
2017,677
2018,611
2019,611
2020,611
2021,611
2022,611
2023,43
2024,611
2025,611
2026,611
2027,611
2028,611
2029,611
2030,611
2031,611
2032,611
2033,1126
2034,1127
2034,1128
2035,611
2036,1129
2036,766
2037,611
2038,629
2038,1130
2039,611
2040,611
2041,98
2042,1131
2043,1132
2044,228
2045,1133
2046,971
2047,1134
2048,411
2049,411
2050,1135
2051,1136
2052,814
2053,956
2054,1137
2055,300
2056,191
2057,372
2058,819
2059,188
2060,1138
2061,1139
2062,87
2063,193
2064,1140
2065,431
2066,1141
2067,1142
2068,43
2069,43
2070,1138
2071,43
2072,43
2073,43
2074,43
2075,43
2076,43
2077,43
2078,43
2079,43
2080,43
2081,43
2082,901
2083,1143
2084,206
2085,1144
2086,597
2087,1145
2088,1146
2089,89
2090,1147
2091,546
2092,1148
2093,642
2094,1149
2094,1150
2095,1151
2096,274
2097,249
2098,47
2099,344
2100,61
2101,1152
2102,1153
2102,1154
2103,657
2104,148
2104,1155
2105,1119
2106,1156
2107,694
2108,11
2109,11
2110,460
2111,249
2112,1157
2113,1158
2114,58
2115,1159
2116,1160
2117,1161
2118,739
2119,8
2120,1116
2121,846
2122,372
2123,874
2124,882
2125,1162
2126,401
2127,46
2128,1163
2129,93
2130,1164
2131,1122
2132,1165
2133,1166
2134,1167
2135,274
2136,1168
2137,535
2138,1169
2139,1170
2140,440
2141,218
2142,1171
2143,1148
2144,163
2145,147
2146,566
2147,1172
2148,191
2149,1173
2150,1174
2151,1175
2152,1176
2153,1177
2154,766
2155,1178
2156,205
2157,1179
2158,542
2159,301
2160,136
2161,1180
2161,1181
2162,0
2162,1182
2163,47
2164,1183
2165,1184
2166,1185
2167,1186
2168,1147
2169,43
2170,43
2171,43
2172,43
2173,43
2174,43
2175,43
2176,43
2177,43
2178,43
2179,43
2180,43
2181,243
2182,226
2183,1187
2184,1049
2185,574
2186,1188
2186,1189
2187,1188
2188,1190
2189,1191
2190,1192
2191,413
2192,1193
2193,1194
2194,1195
2195,1196
2196,904
2197,883
2198,247
2199,1197
2200,801
2201,1198
2201,1199
2202,96
2203,918
2204,43
2205,1200
2206,771
2207,1201
2208,100
2209,392
2210,701
2211,1202
2212,1090
2213,283
2214,243
2215,359
2216,1203
2217,1203
2218,1203
2219,321
2220,460
2221,193
2222,1204
2223,1205
2224,300
2225,431
2226,658
2227,321
2228,321
2229,321
2230,462
2231,225
2232,129
2233,1206
2234,1207
2235,66
2236,297
2237,1208
2238,852
2239,159
2240,1209
2241,1210
2242,1211
2243,1212
2244,273
2245,1213
2246,792
2247,149
2248,87
2249,1214
2250,1215
2251,1216
2252,158
2253,205
2254,671
2255,444
2256,1217
2257,1218
2258,1219
2259,1219
2260,97
2261,1220
2262,361
2263,1221
2264,8
2265,43
2266,1049
2267,1049
2268,1222
2269,1223
2270,43
2271,43
2272,43
2273,43
2274,43
2275,43
2276,43
2277,43
2278,43
2279,43
2280,43
2281,43
2282,597
2283,100
2284,1224
2285,327
2286,346
2287,1225
2288,1172
2289,75
2290,1226
2291,1227
2292,1228
2293,1229
2294,1230
2295,1231
2296,1232
2297,1233
2298,71
2299,532
2300,974
2301,1234
2302,574
2303,299
2304,293
2305,1235
2306,1236
2307,1
2308,43
2309,1237
2310,1238
2311,278
2312,431
2313,291
2314,862
2315,1239
2316,249
2317,1240
2318,1241
2319,1241
2320,1242
2321,1104
2322,274
2323,243
2324,1243
2324,1244
2325,1200
2325,1245
2326,1246
2327,1247
2328,1248
2329,1249
2330,1090
2331,1054
2332,1250
2333,631
2334,1251
2335,1252
2336,1224
2337,1224
2338,1253
2339,1254
2340,1255
2341,1256
2342,1257
2343,1258
2344,516
2345,63
2346,1259
2347,1260
2348,1261
2349,712
2350,1262
2351,50
2352,1263
2352,1264
2353,1265
2354,756
2355,361
2356,1266
2357,43
2358,1267
2359,43
2360,43
2361,1268
2362,43
2363,43
2364,43
2365,43
2366,43
2367,43
2368,43
2369,1269
2370,43
2371,686
2372,1270
2373,1271
2374,43
2375,1272
2376,371
2377,895
2378,1273
2379,1274
2380,1275
2381,1276
2382,1277
2383,684
2384,936
2385,653
2385,858
2386,249
2387,1278
2388,1279
2389,164
2390,89
2391,1280
2392,1281
2393,1282
2393,1283
2394,360
2395,1284
2396,1285
2397,1286
2398,322
2399,738
2400,818
2401,361
2402,1287
2403,22
2404,43
2405,43
2406,1288
2407,1289
2408,1290
2409,43
2410,615
2411,1291
2412,1292
2413,1293
2414,1294
2415,286
2416,1295
2417,1296
2418,1297
2419,1298
2420,439
2421,1022
2422,337
2423,1299
2424,1300
2425,1301
2425,1302
2426,212
2427,1303
2428,546
2429,1304
2430,1305
2431,1306
2432,1307
2433,1308
2434,1309
2435,1310
2436,1311
2437,1312
2438,23
2439,1313
2439,1314
2440,1313
2441,1315
2442,1316
2443,1307
2444,1317
2445,1317
2446,1318
2447,1319
2448,1317
2449,43
2450,43
2451,43
2452,1320
2453,43
2454,43
2455,43
2456,1321
2457,43
2458,43
2459,43
2460,43
2461,43
2462,43
2463,43
2464,1322
2465,1323
2466,88
2467,639
2468,756
2469,1324
2470,1325
2471,1326
2472,25
2473,1327
2474,558
2475,752
2476,1328
2477,1329
2478,1330
2479,256
2480,869
2481,1331
2482,389
2483,1332
2483,1333
2484,1334
2485,1335
2486,26
2487,115
2488,1336
2489,1337
2490,99
2491,848
2492,1338
2493,43
2494,135
2495,1165
2496,21
2497,134
2498,1339
2499,1340
2500,1341
2501,1342
2501,1343
2502,1344
2503,560
2504,1345
2505,1346
2505,1347
2506,785
2507,494
2508,71
2509,1348
2510,827
2511,208
2512,208
2513,1349
2514,296
2515,1350
2516,1351
2517,14
2518,1352
2519,431
2520,1353
2521,494
2522,494
2523,494
2524,494
2525,494
2526,1354
2527,1354
2528,83
2529,337
2530,385
2531,438
2532,1355
2533,345
2534,355
2535,1356
2535,1357
2536,459
2537,1358
2538,1359
2539,1212
2540,164
2541,56
2542,1322
2542,1360
2543,1056
2544,346
2545,47
2546,1361
2547,592
2548,43
2549,1362
2550,43
2551,43
2552,43
2553,43
2554,43
2555,1363
2556,43
2557,43
2558,43
2559,43
2560,43
2561,43
2562,43
2563,1364
2564,219
2565,56
2566,325
2567,1365
2568,1366
2569,1367
2570,1368
2571,807
2572,1369
2573,1370
2574,1294
2574,1371
2575,1322
2576,1243
2577,1372
2578,1322
2579,1322
2580,1322
2581,1373
2582,1090
2583,1374
2584,1253
2584,1375
2585,1376
2586,347
2586,1071
2587,1377
2588,157
2589,43
2590,43
2591,777
2592,376
2593,99
2594,282
2595,1378
2595,1379
2596,213
2597,1134
2598,703
2599,1380
2600,479
2601,1381
2602,1382
2603,258
2604,1383
2605,1384
2606,1385
2607,835
2608,14
2609,1386
2610,1315
2611,1315
2612,1315
2613,1315
2614,6
2615,1387
2615,1388
2616,1034
2617,139
2618,759
2619,1389
2619,1390
2620,1391
2621,139
2621,1392
2622,1393
2623,574
2624,828
2625,1394
2626,1395
2627,402
2628,1396
2629,1397
2630,320
2631,1398
2632,1399
2633,1063
2634,600
2635,1400
2636,481
2637,1401
2638,1402
2639,1403
2640,630
2641,622
2642,474
2643,46
2644,607
2644,1404
2645,234
2646,1405
2647,1406
2648,43
2649,43
2650,43
2651,43
2652,43
2653,43
2654,43
2655,43
2656,43
2657,43
2658,17
2658,1407
2659,474
2660,107
2661,1043
2662,1408
2663,438
2664,129
2665,129
2666,130
2667,1409
2667,607
2668,22
2669,432
2669,433
2670,1410
2671,1411
2672,1412
2673,1412
2673,1413
2674,345
2675,1414
2676,301
2677,1415
2678,1416
2679,1417
2680,1418
2681,43
2682,869
2683,116
2684,1419
2685,331
2686,1420
2687,1421
2688,1422
2689,689
2690,542
2691,642
2692,1423
2693,642
2694,1424
2695,1425
2696,1426
2697,1316
2698,754
2699,6
2700,1415
2701,1402
2702,1427
2703,1428
2704,358
2705,1429
2706,86
2707,1430
2708,702
2709,301
2710,1096
2711,337
2712,1431
2713,100
2714,1252
2715,372
2716,1432
2717,546
2718,1147
2719,747
2720,1433
2721,1294
2722,531
2722,1434
2723,481
2724,1207
2725,276
2726,1435
2727,1436
2728,1436
2729,1436
2730,1437
2731,1438
2732,1439
2733,648
2734,1059
2735,1440
2736,1441
2737,1442
2738,1313
2739,1443
2740,1444
2741,43
2742,43
2743,43
2744,927
2745,43
2746,43
2747,43
2748,43
2749,43
2750,43
2751,43
2752,43
2753,43
2754,43
2755,846
2756,1445
2757,33
2758,69
2759,1446
2760,1447
2761,31
2762,47
2763,1448
2764,716
2765,15
2766,1449
2767,1450
2768,1451
2769,1405
2770,121
2771,1315
2772,43
2773,43
2774,43
2775,283
2776,372
2777,1187
2778,1187
2779,1443
2780,1452
2781,1444
2782,280
2783,1453
2784,88
2785,1454
2786,1455
2787,159
2788,1456
2789,1457
2790,1446
2791,1458
2792,1364
2793,850
2794,5
2795,1459
2796,1460
2797,876
2797,877
2798,6
2799,1461
2800,1462
2801,1463
2801,1464
2802,1250
2803,642
2804,1465
2805,190
2806,1466
2807,278
2808,1049
2809,1467
2809,1461
2810,720
2811,1468
2812,1469
2813,43
2814,1212
2815,1470
2815,1471
2816,754
2817,1472
2818,1473
2819,11
2820,450
2821,1031
2821,1445
2822,34
2823,697
2824,628
2825,327
2826,208
2827,43
2828,1474
2829,43
2830,43
2831,43
2832,43
2833,43
2834,43
2835,43
2836,43
2837,43
2838,43
2839,43
2840,43
2841,43
2842,43
2843,43
2844,43
2845,378
2846,613
2847,672
2847,1475
2848,1476
2849,1407
2850,859
2851,673
2851,1477
2852,406
2853,346
2854,1478
2855,1479
2856,1480
2857,234
2858,609
2859,6
2860,196
2861,614
2862,1202
2863,193
2864,45
2865,344
2866,231
2867,406
2868,43
2869,1481
2870,1482
2870,1483
2871,23
2872,637
2873,807
2874,256
2875,754
2876,1484
2877,249
2878,206
2879,1031
2880,626
2881,625
2882,193
2883,773
2884,244
2885,1059
2886,751
2887,1485
2888,1172
2889,376
2890,378
2891,243
2892,33
2893,718
2894,459
2895,230
2896,1486
2897,8
2898,0
2898,1487
2899,278
2900,1488
2901,16
2902,1489
2903,1490
2904,460
2905,1491
2906,615
2907,1492
2908,820
2909,205
2910,689
2911,373
2912,1493
2913,47
2914,1494
2915,1495
2916,1496
2917,1461
2918,1497
2919,1136
2920,249
2920,1498
2921,1499
2922,1500
2922,1501
2923,1502
2924,1503
2925,43
2926,522
2927,43
2928,1504
2929,43
2930,43
2931,43
2932,43
2933,43
2934,43
2935,1505
2936,43
2937,43
2938,43
2939,43
2940,43
2941,289
2942,867
2943,1058
2943,1506
2944,927
2945,1507
2946,1508
2947,368
2948,1509
2949,1510
2950,1511
2951,300
2952,403
2953,57
2954,693
2955,1512
2956,13
2957,716
2958,1193
2959,367
2960,1513
2961,234
2962,378
2963,281
2964,1514
2965,923
2966,43
2967,1515
2968,802
2969,534
2970,1516
2971,1517
2972,126
2973,1518
2974,1519
2975,6
2976,614
2977,8
2978,1251
2979,1520
2980,773
2981,796
2982,1446
2983,850
2984,1251
2985,1490
2986,920
2987,1521
2987,1522
2988,448
2989,1523
2990,40
2991,204
2992,1524
2993,1525
2993,1526
2994,85
2995,766
2996,1527
2997,633
2997,1528
2998,163
2999,57
3000,1529
3001,736
3002,491
3003,736
3004,1530
3005,82
3006,110
3007,1531
3008,1054
3009,1461
3010,1532
3011,1533
3012,1534
3013,1535
3014,958
3015,285
3016,881
3017,1536
3018,1537
3019,43
3020,188
3021,43
3022,43
3023,43
3024,43
3025,43
3026,43
3027,43
3028,43
3029,43
3030,43
3031,43
3032,43
3033,43
3034,43
3035,243
3036,206
3037,819
3038,846
3039,281
3040,1538
3041,90
3042,1539
3042,1540
3043,66
3044,943
3045,71
3046,324
3047,1541
3048,331
3049,88
3050,211
3051,1542
3052,1543
3053,1544
3054,1252
3055,1545
3055,1546
3056,134
3057,43
3058,1547
3059,261
3060,1548
3061,1549
3062,1550
3062,1551
3063,31
3064,1552
3065,250
3066,1553
3067,780
3067,780
3068,1049
3069,1554
3070,1555
3071,43
3072,1556
3073,177
3074,1557
3075,460
3076,1558
3077,1559
3078,792
3079,689
3080,1560
3081,767
3082,431
3083,1561
3083,1085
3084,1560
3085,728
3086,1562
3087,1563
3088,1564
3089,1565
3090,597
3091,295
3092,1566
3093,1567
3094,1568
3095,1569
3096,1570
3097,1571
3097,1572
3098,232
3099,57
3100,300
3101,1228
3102,126
3103,86
3104,628
3105,1573
3106,1441
3107,616
3108,1023
3109,669
3110,1574
3111,1575
3112,434
3113,1023
3114,43
3115,43
3116,43
3117,43
3118,1576
3119,1577
3120,43
3121,43
3122,43
3123,43
3124,1578
3125,43
3126,43
3127,43
3128,1440
3129,43
3130,43
3131,156
3132,281
3133,346
3134,212
3135,616
3136,1031
3137,1579
3138,1499
3139,617
3140,1580
3141,773
3142,1249
3143,1581
3143,1582
3144,1583
3145,1584
3146,1585
3147,759
3148,731
3149,1586
3150,728
3151,1587
3152,1588
3153,43
3154,43
3155,13
3156,137
3157,674
3158,1589
3159,355
3160,63
3161,1590
3162,378
3163,610
3164,1142
3165,1591
3166,1101
3167,56
3168,83
3169,1102
3169,12
3170,1592
3171,340
3172,1247
3173,1496
3174,1522
3175,1593
3176,1594
3177,358
3178,1595
3179,1596
3180,34
3181,1597
3182,1521
3182,1598
3183,1599
3184,622
3185,1600
3186,82
3187,1601
3188,234
3189,327
3190,134
3191,134
3192,134
3193,134
3194,134
3195,1602
3196,1212
3197,1603
3198,1574
3199,1574
3200,1574
3201,1224
3202,1604
3203,43
3204,278
3205,1350
3206,43
3207,43
3208,43
3209,43
3210,43
3211,43
3212,43
3213,43
3214,43
3215,43
3216,43
3217,43
3218,43
3219,1586
3220,1605
3221,1606
3222,1022
3223,1009
3224,1607
3225,1608
3226,1410
3227,1609
3228,1610
3229,1560
3230,1611
3231,1612
3232,610
3233,297
3234,1485
3235,1033
3236,1586
3237,1613
3238,355
3239,1614
3240,1615
3241,1448
3242,627
3243,1059
3244,762
3245,1616
3246,43
3247,1617
3248,87
3249,1618
3250,1619
3250,1620
3251,472
3252,1621
3253,1622
3254,630
3255,1623
3255,1624
3256,355
3257,1625
3258,1626
3259,1627
3260,1628
3261,1438
3262,1119
3263,57
3264,188
3265,378
3266,10
3267,43
3268,1485
3269,1629
3270,1599
3271,346
3272,168
3273,701
3274,438
3275,100
3276,100
3277,454
3278,671
3279,1630
3280,121
3281,657
3282,547
3282,548
3283,1631
3284,1632
3285,752
3286,1443
3287,1633
3288,126
3289,1634
3290,1635
3291,1636
3292,1637
3293,243
3294,139
3295,798
3296,796
3297,1638
3298,1639
3299,1640
3300,1641
3301,420
3302,536
3303,1642
3304,1643
3305,43
3306,1644
3307,946
3308,43
3309,43
3310,43
3311,43
3312,43
3313,43
3314,43
3315,43
3316,43
3317,43
3318,43
3319,1645
3320,1646
3321,870
3322,1647
3323,746
3324,767
3325,587
3326,1648
3327,282
3328,1649
3329,1650
3330,588
3331,1651
3332,799
3333,785
3334,25
3335,1652
3335,1653
3336,1448
3337,1652
3337,1653
3338,1654
3339,1655
3340,501
3341,82
3342,1656
3343,81
3344,43
3345,1657
3346,1658
3347,920
3348,1659
3349,796
3350,1660
3350,1661
3351,1662
3352,1234
3353,836
3354,223
3355,474
3356,1663
3356,1664
3357,1665
3358,1666
3359,1520
3360,1667
3361,668
3362,1667
3363,1668
3364,1445
3365,615
3366,607
3366,608
3367,1422
3368,344
3369,1669
3370,1670
3371,676
3371,1671
3372,1177
3373,973
3374,285
3375,1672
3375,1673
3376,40
3377,1674
3378,47
3379,1675
3380,1676
3381,1677
3382,11
3383,90
3384,1678
3385,1679
3386,736
3387,1680
3388,1681
3389,767
3390,1171
3391,767
3392,43
3393,43
3394,43
3395,246
3396,1682
3397,43
3398,43
3399,767
3400,43
3401,43
3402,43
3403,43
3404,1682
3405,43
3406,839
3407,43
3408,43
3409,43
3410,1683
3411,43
3412,1224
3413,1684
3414,1685
3415,1686
3416,1625
3417,1687
3418,1688
3419,1688
3420,980
3421,980
3422,1222
3423,980
3424,1689
3425,1690
3426,1212
3427,8
3428,633
3429,11
3430,1691
3431,1691
3432,1691
3433,615
3434,846
3435,1692
3436,1693
3437,84
3438,84
3439,745
3440,1252
3441,351
3441,352
3442,1694
3443,616
3444,278
3445,1234
3446,1380
3447,1380
3448,1380
3449,1695
3450,1696
3450,1697
3451,1698
3451,1697
3452,1698
3452,1699
3453,1698
3453,1699
3454,379
3455,329
3456,1700
3457,274
3458,256
3459,1376
3460,413
3461,413
3462,413
3462,1701
3463,85
3464,378
3465,1059
3466,1702
3467,1703
3468,1704
3469,41
3470,439
3471,459
3472,1705
3473,574
3474,107
3475,356
3476,1706
3476,1707
3477,91
3478,1708
3479,291
3480,1709
3481,1212
3482,773
3483,1088
3484,43
3485,43
3486,138
3487,43
3488,43
3489,43
3490,43
3491,43
3492,43
3493,43
3494,43
3495,43
3496,43
3497,43
3498,43
3499,1207
3500,1710
3501,1228
3502,284
3503,432
3503,433
3504,1711
3505,1712
3506,1704
3506,1713
3507,1714
3508,1715
3508,517
3509,547
3509,548
3510,258
3511,1005
3512,237
3513,206
3514,1625
3515,1405
3516,43
3517,327
3518,920
3519,1716
3520,497
3521,43
3522,403
3523,1037
3524,1133
3525,1717
3526,685
3527,20
3528,1718
3529,1490
3530,113
3531,1719
3531,1720
3532,676
3532,1082
3533,675
3533,676
3534,1721
3535,1722
3535,1723
3536,1724
3537,1220
3538,1725
3539,1725
3540,1726
3541,558
3542,305
3543,1727
3544,1728
3545,804
3546,346
3547,1729
3548,188
3549,1723
3549,1730
3550,46
3551,906
3552,1731
3553,1732
3554,43
3555,283
3556,1733
3556,1734
3557,1123
3558,1693
3559,176
3560,1735
3561,1736
3562,642
3563,1224
3564,1737
3565,807
3566,56
3567,168
3568,345
3569,47
3570,47
3571,47
3572,1738
3573,1739
3574,1740
3575,1741
3576,1742
3577,275
3578,809
3579,1366
3580,1743
3581,43
3582,43
3583,43
3584,1744
3585,43
3586,43
3587,43
3588,43
3589,43
3590,43
3591,43
3592,43
3593,43
3594,1424
3595,1745
3596,943
3597,1746
3598,1747
3599,188
3600,1748
3601,1749
3602,1750
3603,345
3604,1600
3605,1751
3605,1752
3606,1070
3607,1753
3608,1754
3609,1755
3610,1756
3611,1757
3612,1147
3613,1758
3613,1759
3614,1760
3615,2
3616,1761
3617,1762
3618,1763
3619,134
3620,43
3621,43
3622,1071
3623,1071
3624,605
3625,627
3626,624
3627,1764
3628,1765
3629,1307
3630,1766
3631,771
3632,1767
3632,1768
3633,72
3634,1769
3635,1674
3636,1770
3637,1771
3638,43
3639,1772
3640,1773
3641,649
3642,186
3643,1774
3644,1775
3645,1776
3646,1161
3647,1114
3648,1777
3649,1778
3650,1779
3651,819
3652,1780
3653,1781
3654,1776
3655,1782
3656,1435
3657,1783
3658,1784
3659,1785
3660,329
3661,1786
3662,588
3663,799
3664,838
3665,1787
3666,1788
3667,1789
3668,1790
3669,342
3670,151
3671,979
3672,979
3673,752
3674,1633
3675,1633
3676,1220
3677,1633
3678,126
3679,1257
3680,673
3681,1791
3682,1561
3683,1603
3684,1792
3685,1318
3686,1792
3687,1220
3688,1793
3689,1597
3690,1250
3691,1794
3692,1795
3693,1796
3694,43
3695,43
3696,134
3697,1797
3698,43
3699,1798
3700,1726
3701,869
3702,1021
3703,278
3704,43
3705,1566
